0.000000,0.437317,0.438677,0.434110,0.433633,0.445207,0.445636,0.439877,0.444288,0.444288
1.000000,0.438603,0.439381,0.434778,0.434332,0.445084,0.446187,0.440490,0.443492,0.443492
2.000000,0.442352,0.440760,0.435706,0.434989,0.443675,0.452557,0.441409,0.452067,0.452067
3.000000,0.446399,0.441809,0.436757,0.435798,0.452986,0.456049,0.449066,0.455149,0.455149
4.000000,0.448849,0.442599,0.437707,0.436072,0.456784,0.457623,0.448086,0.449250,0.449250
5.000000,0.450111,0.443714,0.438718,0.436529,0.447657,0.450658,0.447657,0.450597,0.450597
6.000000,0.452512,0.445558,0.439799,0.437169,0.454028,0.456049,0.448821,0.455498,0.455498
7.000000,0.451593,0.446973,0.440485,0.437599,0.454211,0.455008,0.446003,0.447473,0.447473
8.000000,0.450364,0.448382,0.441664,0.438220,0.445697,0.450965,0.443798,0.449005,0.449005
9.000000,0.451173,0.450011,0.443324,0.439004,0.448515,0.453905,0.446371,0.453292,0.453292
10.000000,0.452080,0.451095,0.444886,0.439772,0.455498,0.457335,0.452067,0.455130,0.455130
11.000000,0.452864,0.452688,0.446035,0.440748,0.455681,0.460888,0.455681,0.459418,0.459418
12.000000,0.454493,0.453043,0.446901,0.441485,0.458744,0.460521,0.453660,0.455620,0.455620
13.000000,0.456711,0.453538,0.447673,0.442351,0.454273,0.462420,0.450230,0.460092,0.460092
14.000000,0.458806,0.454989,0.448794,0.443468,0.461501,0.464319,0.457152,0.463767,0.463767
15.000000,0.459884,0.455982,0.449848,0.444472,0.462481,0.465176,0.457397,0.460521,0.460521
16.000000,0.459798,0.456331,0.450944,0.445309,0.461011,0.461807,0.456110,0.458989,0.458989
17.000000,0.460423,0.457458,0.452215,0.446143,0.460276,0.461868,0.454150,0.458744,0.458744
18.000000,0.459492,0.458101,0.453241,0.447143,0.458315,0.460337,0.454211,0.455436,0.455436
19.000000,0.457384,0.458095,0.454053,0.448248,0.453415,0.457948,0.450842,0.453231,0.453231
20.000000,0.455853,0.457868,0.454482,0.449213,0.453599,0.455253,0.449311,0.452864,0.452864
21.000000,0.455939,0.457868,0.455278,0.449979,0.453905,0.459663,0.452435,0.459418,0.459418
22.000000,0.455069,0.457746,0.455395,0.450516,0.457152,0.457458,0.453170,0.454395,0.454395
23.000000,0.456564,0.458028,0.455783,0.451125,0.455498,0.464686,0.454836,0.462910,0.462910
24.000000,0.458119,0.457752,0.456371,0.451780,0.461746,0.463032,0.460214,0.461011,0.461011
25.000000,0.459418,0.457636,0.456809,0.452444,0.460337,0.462236,0.456233,0.459357,0.459357
26.000000,0.460055,0.457997,0.457164,0.453295,0.459173,0.464564,0.457825,0.462603,0.462603
27.000000,0.461709,0.458389,0.457923,0.454273,0.462481,0.464012,0.460827,0.462665,0.462665
28.000000,0.462701,0.459632,0.458867,0.455372,0.462052,0.467933,0.462052,0.467871,0.467871
29.000000,0.463792,0.460956,0.459525,0.456354,0.469096,0.469096,0.462910,0.466462,0.466462
30.000000,0.464294,0.461856,0.459862,0.456940,0.466340,0.468606,0.461807,0.461868,0.461868
31.000000,0.463681,0.461868,0.459868,0.457475,0.460949,0.462481,0.457519,0.459541,0.459541
32.000000,0.463596,0.462652,0.460199,0.457814,0.461011,0.462910,0.458407,0.462236,0.462236
33.000000,0.461685,0.462193,0.460110,0.457919,0.461623,0.463461,0.457887,0.458315,0.458315
34.000000,0.459161,0.461476,0.459614,0.458072,0.458193,0.461746,0.453660,0.453844,0.453844
35.000000,0.458450,0.461372,0.459504,0.458330,0.454763,0.458315,0.451700,0.458315,0.458315
36.000000,0.455645,0.459663,0.458830,0.457997,0.459479,0.461746,0.445513,0.445513,0.445513
37.000000,0.452717,0.458156,0.458273,0.458001,0.448086,0.450720,0.443002,0.447596,0.447596
38.000000,0.451626,0.456655,0.458144,0.458130,0.446554,0.454763,0.446554,0.452864,0.452864
39.000000,0.451847,0.455504,0.458230,0.458185,0.453231,0.457090,0.451394,0.454946,0.454946
40.000000,0.450499,0.454475,0.458165,0.458066,0.453905,0.454273,0.444655,0.451577,0.451577
41.000000,0.452680,0.454162,0.458015,0.457966,0.451394,0.458315,0.451026,0.456417,0.456417
42.000000,0.455167,0.453942,0.458297,0.458113,0.458989,0.462358,0.456539,0.460031,0.460031
43.000000,0.457188,0.454407,0.458300,0.458209,0.461562,0.463645,0.459724,0.462971,0.462971
44.000000,0.459051,0.455449,0.458462,0.458226,0.462665,0.466401,0.461440,0.464257,0.464257
45.000000,0.461133,0.455816,0.458594,0.458275,0.467994,0.468300,0.460459,0.461991,0.461991
46.000000,0.462714,0.457697,0.458680,0.458452,0.460643,0.464931,0.459969,0.464319,0.464319
47.000000,0.463130,0.459149,0.458652,0.458565,0.462971,0.464196,0.459724,0.462113,0.462113
48.000000,0.463473,0.460331,0.458493,0.458873,0.461991,0.466708,0.461991,0.464686,0.464686
49.000000,0.464159,0.461605,0.458554,0.459355,0.464809,0.468545,0.464809,0.467688,0.467688
50.000000,0.466438,0.463786,0.459130,0.460039,0.467933,0.473446,0.466631,0.473384,0.473384
51.000000,0.467724,0.465219,0.459691,0.460417,0.469832,0.475896,0.468361,0.470750,0.470750
52.000000,0.470138,0.466634,0.460288,0.461076,0.470444,0.475345,0.469709,0.474181,0.474181
53.000000,0.472527,0.468000,0.461204,0.461533,0.476937,0.479204,0.472833,0.476631,0.476631
54.000000,0.473776,0.468968,0.462208,0.461964,0.474487,0.476753,0.472282,0.473936,0.473936
55.000000,0.474891,0.470665,0.463240,0.462618,0.474609,0.479387,0.473998,0.478959,0.478959
56.000000,0.477170,0.472447,0.465072,0.463269,0.480796,0.484043,0.476263,0.482144,0.482144
57.000000,0.478701,0.474420,0.466784,0.463908,0.485452,0.485452,0.479632,0.481838,0.481838
58.000000,0.480135,0.476331,0.468331,0.464439,0.479020,0.484900,0.477305,0.483798,0.483798
59.000000,0.481838,0.477807,0.469706,0.464972,0.485268,0.485268,0.477795,0.482450,0.482450
60.000000,0.482965,0.478928,0.471357,0.465729,0.482695,0.484655,0.478836,0.484594,0.484594
61.000000,0.483247,0.480208,0.472714,0.466530,0.488086,0.488086,0.481776,0.483553,0.483553
62.000000,0.481813,0.480257,0.473446,0.466944,0.484962,0.486003,0.473139,0.474671,0.474671
63.000000,0.479473,0.479804,0.473902,0.467404,0.476570,0.476570,0.469158,0.472098,0.472098
64.000000,0.477489,0.479663,0.474315,0.468027,0.466708,0.473446,0.464686,0.472527,0.472527
65.000000,0.475749,0.479357,0.475011,0.468613,0.473752,0.475896,0.467381,0.475896,0.475896
66.000000,0.474021,0.478634,0.475541,0.469593,0.476447,0.479020,0.472282,0.474916,0.474916
67.000000,0.475112,0.478462,0.476441,0.470677,0.474548,0.480368,0.474548,0.480123,0.480123
68.000000,0.476778,0.478126,0.477228,0.471596,0.476998,0.481715,0.476202,0.480429,0.480429
69.000000,0.478224,0.477856,0.477832,0.472423,0.479816,0.481654,0.477366,0.479755,0.479755
70.000000,0.476802,0.476276,0.477602,0.472996,0.478530,0.480735,0.468729,0.468790,0.468790
71.000000,0.477329,0.475675,0.477942,0.473701,0.472527,0.478162,0.470383,0.477550,0.477550
72.000000,0.475639,0.475375,0.477816,0.474089,0.475038,0.475773,0.467014,0.471669,0.471669
73.000000,0.472882,0.474830,0.477317,0.474211,0.471853,0.473139,0.466064,0.466646,0.466646
74.000000,0.471093,0.474658,0.477161,0.474430,0.467871,0.472894,0.466462,0.470812,0.470812
75.000000,0.470848,0.473825,0.476591,0.474616,0.471792,0.471792,0.465176,0.467565,0.467565
76.000000,0.465286,0.471308,0.474971,0.474130,0.468729,0.477742,0.436325,0.449740,0.449740
77.000000,0.460386,0.468012,0.473237,0.473631,0.448760,0.459541,0.446922,0.447167,0.447167
78.000000,0.455951,0.464417,0.471271,0.472958,0.446248,0.448208,0.443798,0.444472,0.444472
79.000000,0.450389,0.460741,0.469299,0.472135,0.445084,0.445611,0.440674,0.443002,0.443002
80.000000,0.444116,0.457482,0.466879,0.470895,0.444839,0.446677,0.434609,0.436202,0.436202
81.000000,0.441899,0.453593,0.464634,0.469825,0.436447,0.438652,0.432343,0.438652,0.438652
82.000000,0.439706,0.450046,0.462711,0.468559,0.437917,0.438530,0.432956,0.436202,0.436202
83.000000,0.438554,0.447253,0.461041,0.467296,0.436570,0.443492,0.436202,0.438714,0.438714
84.000000,0.438885,0.444637,0.459648,0.466320,0.442389,0.446432,0.440613,0.444655,0.444655
85.000000,0.441936,0.443026,0.458426,0.465403,0.445758,0.451700,0.444044,0.451455,0.451455
86.000000,0.446432,0.444165,0.457737,0.464702,0.451210,0.461930,0.451149,0.461133,0.461133
87.000000,0.452925,0.446315,0.457164,0.464263,0.460827,0.469464,0.458867,0.468668,0.468668
88.000000,0.459014,0.448784,0.456600,0.463775,0.467504,0.472037,0.466769,0.469158,0.469158
89.000000,0.463939,0.451412,0.456077,0.463336,0.469158,0.471485,0.468423,0.469280,0.469280
90.000000,0.467565,0.454750,0.456116,0.462836,0.468606,0.473017,0.467443,0.469587,0.469587
91.000000,0.469672,0.458052,0.455822,0.462440,0.468790,0.472772,0.468790,0.471669,0.471669
92.000000,0.470444,0.461685,0.455865,0.462369,0.470873,0.473997,0.470015,0.472527,0.472527
93.000000,0.471020,0.465017,0.456135,0.462367,0.472956,0.474487,0.471118,0.472037,0.472037
94.000000,0.473384,0.468662,0.456649,0.462652,0.472711,0.484104,0.471424,0.481103,0.481103
95.000000,0.475345,0.471455,0.457240,0.462769,0.479510,0.482328,0.476937,0.479387,0.479387
96.000000,0.476815,0.473243,0.458704,0.462906,0.478775,0.480337,0.477611,0.479020,0.479020
97.000000,0.477072,0.473758,0.460037,0.462695,0.478407,0.480123,0.470383,0.473813,0.473813
98.000000,0.477170,0.474095,0.461440,0.462432,0.472282,0.474542,0.467320,0.472527,0.472527
99.000000,0.476129,0.474757,0.463084,0.462303,0.470628,0.476202,0.470138,0.475896,0.475896
100.000000,0.475112,0.475228,0.464989,0.462487,0.477795,0.478285,0.470704,0.474303,0.474303
101.000000,0.473531,0.475173,0.466613,0.462273,0.470750,0.475038,0.468361,0.471118,0.471118
102.000000,0.473691,0.475381,0.468533,0.462371,0.471118,0.475773,0.467381,0.474609,0.474609
103.000000,0.473740,0.475455,0.470236,0.462575,0.472833,0.477550,0.471884,0.472772,0.472772
104.000000,0.472870,0.474499,0.471580,0.462599,0.472649,0.474548,0.465237,0.471547,0.471547
105.000000,0.472355,0.473734,0.472594,0.462738,0.470689,0.477121,0.468760,0.471730,0.471730
106.000000,0.471069,0.472300,0.472772,0.463236,0.471669,0.472527,0.464564,0.464686,0.464686
107.000000,0.470126,0.471908,0.472833,0.463994,0.466646,0.469954,0.463032,0.469893,0.469893
108.000000,0.470946,0.472343,0.473219,0.465074,0.474242,0.478101,0.470505,0.476876,0.476876
109.000000,0.473299,0.473084,0.473920,0.466418,0.477795,0.484962,0.475528,0.483308,0.483308
110.000000,0.473801,0.473078,0.474153,0.467686,0.478040,0.480306,0.473507,0.474242,0.474242
111.000000,0.475124,0.473096,0.474135,0.468774,0.476080,0.476998,0.470934,0.471302,0.471302
112.000000,0.476692,0.473409,0.474395,0.470158,0.470138,0.477795,0.468606,0.477734,0.477734
113.000000,0.478162,0.474554,0.475005,0.471675,0.482573,0.486861,0.478530,0.484227,0.484227
114.000000,0.478346,0.475822,0.475161,0.472994,0.485942,0.488698,0.481470,0.484227,0.484227
115.000000,0.480600,0.477201,0.475467,0.474130,0.485391,0.489740,0.483614,0.485513,0.485513
116.000000,0.482781,0.478953,0.475626,0.474832,0.484839,0.486616,0.479632,0.482205,0.482205
117.000000,0.484508,0.480600,0.476254,0.475422,0.477856,0.492067,0.477060,0.486371,0.486371
118.000000,0.485440,0.481801,0.477072,0.476080,0.487596,0.492802,0.485023,0.488882,0.488882
119.000000,0.486260,0.482303,0.477694,0.476715,0.483247,0.493231,0.480551,0.488331,0.488331
120.000000,0.490134,0.485367,0.479223,0.477891,0.494946,0.506156,0.486554,0.504882,0.504882
121.000000,0.494373,0.488577,0.480837,0.478949,0.509648,0.510138,0.496233,0.503400,0.503400
122.000000,0.499862,0.492185,0.482797,0.480325,0.507749,0.516876,0.504380,0.513813,0.513813
123.000000,0.503794,0.494617,0.484586,0.481542,0.510505,0.517427,0.508545,0.508545,0.508545
124.000000,0.509822,0.498041,0.486932,0.482788,0.510995,0.526432,0.510995,0.518469,0.518469
125.000000,0.512980,0.501557,0.489379,0.484164,0.519326,0.528882,0.518285,0.520674,0.520674
126.000000,0.515198,0.504785,0.491869,0.485346,0.514977,0.517476,0.511057,0.514487,0.514487
127.000000,0.519191,0.509526,0.495063,0.487345,0.520551,0.534089,0.517856,0.533783,0.533783
128.000000,0.525096,0.514445,0.498123,0.489530,0.537152,0.539908,0.534518,0.538070,0.538070
129.000000,0.529825,0.519824,0.501063,0.491737,0.551240,0.555038,0.537090,0.542113,0.542113
130.000000,0.533979,0.523479,0.504423,0.493975,0.542236,0.544196,0.536294,0.541440,0.541440
131.000000,0.538377,0.526787,0.507682,0.496154,0.542113,0.545176,0.530413,0.536478,0.536478
132.000000,0.540423,0.529807,0.510996,0.498467,0.536294,0.545727,0.532925,0.544012,0.544012
133.000000,0.542138,0.533617,0.514117,0.500929,0.544135,0.547994,0.541072,0.546646,0.546646
134.000000,0.542469,0.536147,0.517094,0.503337,0.546095,0.547565,0.537152,0.543767,0.543767
135.000000,0.543841,0.538910,0.520233,0.505889,0.546401,0.549035,0.544196,0.548300,0.548300
136.000000,0.547884,0.543130,0.523958,0.508956,0.547565,0.558040,0.546217,0.556692,0.556692
137.000000,0.550028,0.545225,0.527376,0.511784,0.555712,0.558346,0.553629,0.554732,0.554732
138.000000,0.552441,0.547289,0.530867,0.514512,0.554058,0.559642,0.550322,0.558714,0.558714
139.000000,0.555982,0.549225,0.534524,0.517117,0.557489,0.568698,0.548729,0.561470,0.561470
140.000000,0.560478,0.552159,0.537819,0.520335,0.566003,0.571149,0.556949,0.570781,0.570781
141.000000,0.563749,0.555816,0.541302,0.523727,0.568882,0.579663,0.568208,0.573047,0.573047
142.000000,0.566260,0.558144,0.543975,0.526712,0.571945,0.574517,0.564165,0.567289,0.567289
143.000000,0.566297,0.559369,0.546493,0.529201,0.566738,0.567841,0.556998,0.558897,0.558897
144.000000,0.566089,0.561035,0.548591,0.531741,0.557550,0.567718,0.557550,0.560429,0.560429
145.000000,0.564092,0.562285,0.550597,0.534251,0.563063,0.567657,0.557917,0.560796,0.560796
146.000000,0.565121,0.564435,0.553783,0.537450,0.565084,0.583706,0.565084,0.578193,0.578193
147.000000,0.566456,0.566358,0.555792,0.540370,0.578438,0.578989,0.570352,0.573966,0.573966
148.000000,0.569764,0.568031,0.557660,0.543255,0.574334,0.578193,0.571041,0.575436,0.575436
149.000000,0.571859,0.568974,0.559100,0.546008,0.578377,0.578377,0.568484,0.570904,0.570904
150.000000,0.572239,0.568165,0.560162,0.547935,0.568515,0.569249,0.560521,0.562695,0.562695
151.000000,0.569642,0.567381,0.561599,0.549995,0.566432,0.569985,0.557182,0.565207,0.565207
152.000000,0.566714,0.566585,0.562364,0.551512,0.565329,0.566126,0.558530,0.559326,0.559326
153.000000,0.562842,0.566303,0.562836,0.553096,0.558591,0.559283,0.553629,0.556080,0.556080
154.000000,0.560478,0.566168,0.563602,0.554450,0.555835,0.560858,0.550946,0.559081,0.559081
155.000000,0.558934,0.565587,0.563936,0.555594,0.560429,0.560919,0.553936,0.554977,0.554977
156.000000,0.555835,0.562738,0.563587,0.556768,0.550934,0.552833,0.539112,0.549709,0.549709
157.000000,0.553691,0.560202,0.563280,0.557262,0.548484,0.556294,0.545850,0.548606,0.548606
158.000000,0.552392,0.557617,0.562824,0.557646,0.545482,0.553078,0.545299,0.549587,0.549587
159.000000,0.552123,0.556300,0.562637,0.558166,0.550383,0.558897,0.549035,0.557734,0.557734
160.000000,0.553323,0.556129,0.562147,0.558818,0.556570,0.566603,0.555345,0.560980,0.560980
161.000000,0.556141,0.555988,0.561685,0.559728,0.560306,0.570658,0.560306,0.563798,0.563798
162.000000,0.558493,0.556092,0.561338,0.560274,0.563675,0.570475,0.557856,0.560368,0.560368
163.000000,0.559865,0.556129,0.561216,0.560600,0.560061,0.562083,0.552588,0.556447,0.556447
164.000000,0.555528,0.553825,0.559997,0.560343,0.550873,0.552802,0.535988,0.536049,0.536049
165.000000,0.551755,0.552539,0.559063,0.560137,0.537090,0.545789,0.531332,0.542113,0.542113
166.000000,0.548790,0.552466,0.557602,0.559880,0.541378,0.556018,0.539479,0.548974,0.548974
167.000000,0.544184,0.551338,0.555770,0.559300,0.548239,0.548239,0.535008,0.537335,0.537335
168.000000,0.540116,0.549991,0.553804,0.558546,0.540582,0.549587,0.527351,0.536110,0.536110
169.000000,0.541577,0.548553,0.552426,0.557942,0.536294,0.548239,0.530965,0.543351,0.543351
170.000000,0.542385,0.547070,0.551599,0.557121,0.544441,0.550750,0.542726,0.546156,0.546156
171.000000,0.541687,0.545239,0.550613,0.556203,0.551179,0.551240,0.535804,0.545482,0.545482
172.000000,0.542765,0.543474,0.549783,0.555384,0.544135,0.547994,0.540833,0.542726,0.542726
173.000000,0.544973,0.542545,0.549337,0.554992,0.546034,0.548668,0.542236,0.547149,0.547149
174.000000,0.545595,0.543586,0.548706,0.554527,0.547198,0.549893,0.544196,0.546462,0.546462
175.000000,0.546097,0.544241,0.548390,0.554122,0.548239,0.551363,0.545789,0.548668,0.548668
176.000000,0.547372,0.544529,0.548497,0.553244,0.547810,0.552772,0.543583,0.551853,0.551853
177.000000,0.549920,0.546342,0.548840,0.552628,0.558591,0.561715,0.551179,0.555467,0.555467
178.000000,0.553715,0.549344,0.549667,0.552317,0.555467,0.566542,0.553262,0.566126,0.566126
179.000000,0.556408,0.551002,0.549777,0.551951,0.565023,0.570046,0.557611,0.559926,0.559926
180.000000,0.555501,0.550799,0.548935,0.551333,0.558775,0.563430,0.537948,0.544135,0.544135
181.000000,0.554852,0.551112,0.548175,0.550779,0.544257,0.551730,0.542787,0.548606,0.548606
182.000000,0.552414,0.551167,0.547321,0.550244,0.549403,0.552098,0.541899,0.543277,0.543277
183.000000,0.548089,0.550902,0.546723,0.549858,0.543400,0.549648,0.538377,0.544502,0.544502
184.000000,0.546867,0.551637,0.547612,0.549683,0.543890,0.553997,0.537581,0.553813,0.553813
185.000000,0.548900,0.552201,0.548221,0.549660,0.553262,0.556815,0.550567,0.554303,0.554303
186.000000,0.550047,0.552450,0.548489,0.549815,0.550260,0.558897,0.546830,0.554340,0.554340
187.000000,0.553514,0.552964,0.549653,0.550215,0.550505,0.561225,0.543706,0.560613,0.560613
188.000000,0.558510,0.553300,0.551322,0.550878,0.559265,0.573660,0.557121,0.569482,0.569482
189.000000,0.560666,0.553767,0.552384,0.551107,0.565391,0.565391,0.557672,0.564594,0.564594
190.000000,0.562957,0.555929,0.553364,0.551266,0.564104,0.567779,0.560429,0.565758,0.565758
191.000000,0.565658,0.557852,0.554482,0.551401,0.565942,0.571394,0.563614,0.567841,0.567841
192.000000,0.565155,0.559335,0.555251,0.551325,0.564472,0.567534,0.557734,0.558101,0.558101
193.000000,0.562462,0.560486,0.555694,0.551311,0.558224,0.561409,0.555651,0.556018,0.556018
194.000000,0.561409,0.561038,0.556338,0.552087,0.559755,0.561715,0.556386,0.559326,0.559326
195.000000,0.562009,0.562483,0.557342,0.552975,0.564655,0.569250,0.560123,0.568760,0.568760
196.000000,0.564129,0.564893,0.558671,0.553957,0.566922,0.579173,0.562021,0.578438,0.578438
197.000000,0.569090,0.567123,0.560043,0.555476,0.574028,0.583890,0.574028,0.582910,0.582910
198.000000,0.573856,0.568159,0.560730,0.556934,0.580398,0.583583,0.575436,0.579847,0.579847
199.000000,0.580104,0.570757,0.562262,0.558508,0.582052,0.592711,0.582052,0.590567,0.590567
200.000000,0.585078,0.573544,0.564736,0.560091,0.587626,0.596631,0.583219,0.593629,0.593629
201.000000,0.589170,0.576649,0.567251,0.561871,0.595406,0.603063,0.591302,0.598897,0.598897
202.000000,0.590015,0.579553,0.569444,0.563352,0.596570,0.599632,0.586156,0.587136,0.587136
203.000000,0.597758,0.585807,0.573147,0.565732,0.609372,0.640551,0.591026,0.618560,0.618560
204.000000,0.604570,0.592337,0.576687,0.568337,0.618377,0.625176,0.609495,0.624625,0.624625
205.000000,0.610511,0.597795,0.580139,0.570826,0.624074,0.625299,0.616300,0.623338,0.623338
206.000000,0.617237,0.603204,0.584048,0.573515,0.624625,0.634303,0.623277,0.632527,0.632527
207.000000,0.626168,0.608092,0.587607,0.576060,0.634609,0.636815,0.626340,0.631792,0.631792
208.000000,0.628582,0.613170,0.590665,0.578210,0.632404,0.637795,0.622481,0.630628,0.630628
209.000000,0.629905,0.617237,0.593997,0.580587,0.633568,0.639204,0.629770,0.631240,0.631240
210.000000,0.629979,0.620245,0.596894,0.583239,0.631179,0.632723,0.622971,0.623706,0.623706
211.000000,0.628006,0.622622,0.599636,0.585708,0.624809,0.627259,0.618132,0.622665,0.622665
212.000000,0.625801,0.625985,0.602769,0.588291,0.624380,0.629464,0.617274,0.620766,0.620766
213.000000,0.623939,0.626260,0.606034,0.590851,0.618622,0.625421,0.614334,0.621317,0.621317
214.000000,0.622628,0.626266,0.609302,0.593214,0.623890,0.628239,0.621868,0.624686,0.624686
215.000000,0.622175,0.626077,0.611936,0.595452,0.626953,0.632986,0.620214,0.621440,0.621440
216.000000,0.626879,0.627443,0.615323,0.598513,0.622542,0.647106,0.619602,0.646187,0.646187
217.000000,0.632049,0.628925,0.618508,0.601380,0.648637,0.653292,0.640306,0.646616,0.646616
218.000000,0.635161,0.629550,0.621360,0.603626,0.643920,0.643982,0.632343,0.636876,0.636876
219.000000,0.639375,0.631002,0.624119,0.606332,0.634977,0.646554,0.632588,0.645758,0.645758
220.000000,0.645194,0.633685,0.626965,0.609158,0.648208,0.652129,0.642450,0.650536,0.650536
221.000000,0.645391,0.636135,0.629378,0.611802,0.649495,0.655253,0.642450,0.647167,0.647167
222.000000,0.645881,0.638965,0.632475,0.614834,0.649433,0.655191,0.646677,0.649066,0.649066
223.000000,0.647240,0.641201,0.633730,0.617756,0.649372,0.649372,0.641378,0.643675,0.643675
224.000000,0.646946,0.643161,0.634714,0.620588,0.643002,0.645758,0.639632,0.644288,0.644288
225.000000,0.648919,0.647057,0.636567,0.623643,0.646187,0.667443,0.642328,0.660398,0.660398
226.000000,0.652263,0.648827,0.638135,0.626491,0.659357,0.666279,0.655743,0.663890,0.663890
227.000000,0.654285,0.650083,0.639504,0.629033,0.665850,0.666830,0.656294,0.659173,0.659173
228.000000,0.658009,0.652625,0.641087,0.631782,0.660643,0.663645,0.655498,0.662297,0.662297
229.000000,0.659639,0.653292,0.642147,0.633844,0.654640,0.654885,0.644288,0.652435,0.652435
230.000000,0.657727,0.653323,0.643504,0.635751,0.652251,0.657090,0.648208,0.650842,0.650842
231.000000,0.654897,0.653580,0.644858,0.637446,0.649372,0.661501,0.648331,0.649740,0.649740
232.000000,0.650315,0.652300,0.645632,0.639083,0.648147,0.651271,0.634119,0.636263,0.636263
233.000000,0.644410,0.651210,0.646205,0.639557,0.627136,0.636508,0.624380,0.632772,0.632772
234.000000,0.641948,0.650793,0.646977,0.640074,0.630505,0.640613,0.629342,0.640123,0.640123
235.000000,0.640417,0.649072,0.648064,0.640735,0.643553,0.648698,0.641593,0.643185,0.643185
236.000000,0.638787,0.646842,0.647835,0.641037,0.642695,0.648637,0.637612,0.641593,0.641593
237.000000,0.638334,0.644325,0.647204,0.641111,0.639510,0.647841,0.633691,0.633997,0.633997
238.000000,0.636839,0.640625,0.646625,0.640933,0.635038,0.636631,0.624564,0.625299,0.625299
239.000000,0.637464,0.639706,0.646499,0.641333,0.623461,0.643721,0.620521,0.643247,0.643247
240.000000,0.636557,0.638487,0.645905,0.641832,0.643430,0.645525,0.634732,0.638652,0.638652
241.000000,0.637109,0.637948,0.645764,0.642554,0.642695,0.647106,0.636202,0.644349,0.644349
242.000000,0.638211,0.638273,0.645286,0.643179,0.640858,0.648110,0.635222,0.639510,0.639510
243.000000,0.643884,0.640361,0.645786,0.644257,0.641225,0.654579,0.637305,0.653660,0.653660
244.000000,0.644888,0.641176,0.645985,0.645043,0.651026,0.657029,0.646983,0.648270,0.648270
245.000000,0.649311,0.642934,0.646003,0.646354,0.651394,0.661501,0.647626,0.660766,0.660766
246.000000,0.653207,0.645158,0.646000,0.646942,0.664196,0.669342,0.654211,0.663828,0.663828
247.000000,0.657507,0.647859,0.646092,0.647422,0.662542,0.676263,0.659357,0.661011,0.661011
248.000000,0.658928,0.651406,0.646015,0.648218,0.663216,0.673752,0.659724,0.660766,0.660766
249.000000,0.661145,0.653017,0.646361,0.648672,0.658438,0.665840,0.657519,0.659357,0.659357
250.000000,0.660165,0.654738,0.646613,0.648849,0.658928,0.660521,0.654334,0.655865,0.655865
251.000000,0.659002,0.656104,0.647026,0.649211,0.658009,0.661378,0.655253,0.658009,0.658009
252.000000,0.656698,0.657103,0.647688,0.649225,0.655314,0.657029,0.648576,0.649495,0.649495
253.000000,0.654469,0.656698,0.648530,0.649423,0.652190,0.656968,0.645636,0.649617,0.649617
254.000000,0.652508,0.656827,0.649002,0.649599,0.649617,0.655436,0.647289,0.649556,0.649556
255.000000,0.653440,0.656802,0.649868,0.649603,0.653660,0.665605,0.646126,0.660521,0.660521
256.000000,0.655093,0.657047,0.651103,0.649682,0.662665,0.667516,0.657642,0.666279,0.666279
257.000000,0.659798,0.658248,0.653054,0.650144,0.667749,0.673813,0.661868,0.673017,0.673017
258.000000,0.664600,0.659534,0.655470,0.650522,0.673691,0.673813,0.668116,0.673629,0.673629
259.000000,0.667786,0.660147,0.656582,0.650957,0.670750,0.673109,0.662848,0.665482,0.665482
260.000000,0.670113,0.661776,0.658257,0.651667,0.669280,0.673813,0.662175,0.672159,0.672159
261.000000,0.671767,0.663430,0.659767,0.652494,0.673813,0.683369,0.669587,0.674548,0.674548
262.000000,0.671755,0.665776,0.661440,0.653717,0.673813,0.675590,0.668423,0.672956,0.672956
263.000000,0.671914,0.668257,0.662478,0.655106,0.672956,0.676325,0.670383,0.674426,0.674426
264.000000,0.692055,0.679920,0.668374,0.659308,0.714426,0.771547,0.704441,0.766187,0.766187
265.000000,0.715296,0.692704,0.674753,0.664147,0.783338,0.795283,0.769066,0.788361,0.788361
266.000000,0.735265,0.703516,0.680282,0.668574,0.786462,0.787136,0.768698,0.774395,0.774395
267.000000,0.752564,0.712159,0.685204,0.672755,0.770168,0.772343,0.754119,0.759449,0.759449
268.000000,0.768380,0.720147,0.689841,0.677029,0.767228,0.767706,0.746953,0.753507,0.753507
269.000000,0.764998,0.728527,0.694337,0.680564,0.755896,0.761715,0.747626,0.749280,0.749280
270.000000,0.755969,0.735632,0.698704,0.684049,0.741562,0.755283,0.736968,0.743216,0.743216
271.000000,0.750248,0.742757,0.703093,0.687430,0.747381,0.750138,0.739877,0.745789,0.745789
272.000000,0.747896,0.750230,0.708003,0.691036,0.735191,0.748974,0.733047,0.747688,0.747688
273.000000,0.740790,0.754585,0.711421,0.693180,0.749342,0.754119,0.715651,0.717979,0.717979
274.000000,0.738352,0.751675,0.715798,0.696141,0.723492,0.742236,0.712404,0.737090,0.737090
275.000000,0.737152,0.746560,0.719632,0.698689,0.736845,0.744074,0.728698,0.737213,0.737213
276.000000,0.735510,0.742879,0.723198,0.701148,0.738315,0.740153,0.731577,0.737580,0.737580
277.000000,0.734910,0.741403,0.726781,0.703937,0.740031,0.746156,0.734089,0.744686,0.744686
278.000000,0.740913,0.740851,0.730499,0.706844,0.746034,0.751118,0.738744,0.747994,0.747994
279.000000,0.743792,0.741072,0.734799,0.709915,0.747259,0.754793,0.742971,0.751485,0.751485
280.000000,0.747369,0.742260,0.738946,0.713223,0.754058,0.764288,0.745789,0.755100,0.755100
281.000000,0.751645,0.743577,0.743167,0.716588,0.749893,0.761899,0.742236,0.758959,0.758959
282.000000,0.754989,0.744949,0.747590,0.720319,0.756570,0.763247,0.749525,0.761409,0.761409
283.000000,0.758640,0.749776,0.752181,0.724206,0.760000,0.770536,0.758239,0.766248,0.766248
284.000000,0.757562,0.750677,0.751176,0.727424,0.763675,0.765979,0.742236,0.746095,0.746095
285.000000,0.756717,0.752043,0.749302,0.730436,0.749954,0.756815,0.742818,0.750873,0.750873
286.000000,0.755945,0.753795,0.748337,0.733397,0.750812,0.755957,0.746524,0.755100,0.755100
287.000000,0.757844,0.756417,0.748910,0.736660,0.755038,0.774579,0.755038,0.770904,0.770904
288.000000,0.759069,0.758855,0.749853,0.739951,0.772986,0.774089,0.767412,0.772374,0.772374
289.000000,0.768466,0.763014,0.752043,0.744204,0.775559,0.794364,0.773047,0.793078,0.793078
290.000000,0.776135,0.766426,0.754343,0.748106,0.792037,0.792282,0.779357,0.789219,0.789219
291.000000,0.785519,0.770732,0.757155,0.752355,0.791975,0.805329,0.789342,0.802021,0.802021
292.000000,0.791093,0.774469,0.759709,0.756549,0.796692,0.804639,0.787320,0.798775,0.798775
293.000000,0.797109,0.778089,0.763933,0.760817,0.804349,0.815255,0.798224,0.802450,0.802450
294.000000,0.795945,0.782205,0.766441,0.761519,0.804472,0.811149,0.785605,0.787259,0.787259
295.000000,0.795247,0.785691,0.768867,0.761431,0.788055,0.795345,0.783767,0.785727,0.785727
296.000000,0.793164,0.789342,0.771568,0.762005,0.790015,0.799326,0.785666,0.791608,0.791608
297.000000,0.791939,0.791516,0.773966,0.763112,0.796631,0.798407,0.787749,0.792649,0.792649
298.000000,0.788508,0.792809,0.775832,0.764172,0.794058,0.795314,0.777519,0.785299,0.785299
299.000000,0.788141,0.792043,0.777528,0.765376,0.780949,0.788545,0.774824,0.785421,0.785421
300.000000,0.786683,0.790965,0.778695,0.766550,0.788116,0.790505,0.775130,0.778438,0.778438
301.000000,0.784502,0.788833,0.779783,0.767714,0.776907,0.787443,0.771149,0.780704,0.780704
302.000000,0.783681,0.787810,0.781139,0.769076,0.783032,0.792588,0.780153,0.788545,0.788545
303.000000,0.785495,0.787002,0.782545,0.771622,0.789832,0.797427,0.784135,0.794364,0.794364
304.000000,0.787296,0.787718,0.784962,0.773533,0.795896,0.803982,0.786891,0.794426,0.794426
305.000000,0.791191,0.788937,0.787314,0.775557,0.782971,0.803798,0.780950,0.797917,0.797917
306.000000,0.791963,0.788233,0.788787,0.777123,0.799632,0.806064,0.783057,0.784564,0.784564
307.000000,0.791020,0.787351,0.789433,0.778428,0.785544,0.795528,0.775314,0.783828,0.783828
308.000000,0.787112,0.786303,0.789556,0.779322,0.787014,0.789905,0.766064,0.774824,0.774824
309.000000,0.780815,0.784055,0.788049,0.779704,0.780031,0.781807,0.762266,0.762940,0.762940
310.000000,0.771161,0.781176,0.786070,0.779522,0.762573,0.762940,0.742236,0.749648,0.749648
311.000000,0.764270,0.778116,0.783475,0.779227,0.753078,0.759939,0.741868,0.750107,0.750107
312.000000,0.761366,0.776193,0.782002,0.779491,0.755835,0.771516,0.747810,0.769311,0.769311
313.000000,0.764796,0.775954,0.781478,0.780348,0.774334,0.793262,0.766285,0.791975,0.791975
314.000000,0.767761,0.774288,0.781003,0.781404,0.793078,0.801593,0.774591,0.777764,0.777764
315.000000,0.773911,0.772536,0.780737,0.782388,0.782971,0.783277,0.772680,0.780398,0.780398
316.000000,0.777066,0.770668,0.779450,0.782747,0.781746,0.782113,0.758162,0.765881,0.765881
317.000000,0.776294,0.768830,0.778090,0.782566,0.767963,0.770107,0.758162,0.765452,0.765452
318.000000,0.770793,0.767795,0.777049,0.782302,0.766554,0.769801,0.757489,0.764472,0.764472
319.000000,0.768049,0.767905,0.775980,0.781334,0.765636,0.768760,0.759020,0.764043,0.764043
320.000000,0.761433,0.767672,0.774424,0.779938,0.764227,0.768270,0.746708,0.747320,0.747320
321.000000,0.756802,0.766934,0.772525,0.777961,0.744809,0.753201,0.733783,0.742726,0.742726
322.000000,0.752821,0.764557,0.770375,0.776187,0.748668,0.750995,0.738560,0.745544,0.745544
323.000000,0.750493,0.760643,0.768299,0.774533,0.746279,0.757734,0.739724,0.752833,0.752833
324.000000,0.749893,0.758971,0.766629,0.773659,0.756998,0.762955,0.745911,0.761041,0.761041
325.000000,0.753446,0.757440,0.764988,0.772971,0.759387,0.768698,0.748851,0.765084,0.765084
326.000000,0.757636,0.757219,0.763943,0.772040,0.765697,0.771250,0.757305,0.763675,0.763675
327.000000,0.759142,0.755982,0.762406,0.770721,0.761286,0.761286,0.728270,0.753078,0.753078
328.000000,0.759608,0.755051,0.761423,0.769716,0.753446,0.759975,0.744302,0.755161,0.755161
329.000000,0.754217,0.752055,0.759980,0.768005,0.757427,0.762634,0.732680,0.734089,0.734089
330.000000,0.743461,0.748453,0.758063,0.765767,0.729923,0.733966,0.708821,0.711302,0.711302
331.000000,0.734236,0.745936,0.756435,0.763662,0.715161,0.727351,0.704747,0.717550,0.717550
332.000000,0.728221,0.743681,0.754119,0.761477,0.718836,0.724655,0.715357,0.723002,0.723002
333.000000,0.722757,0.741182,0.750913,0.759260,0.721225,0.730469,0.717795,0.727841,0.727841
334.000000,0.724766,0.739492,0.749231,0.757583,0.731271,0.744870,0.724778,0.744135,0.744135
335.000000,0.732227,0.737844,0.747642,0.755940,0.745850,0.756447,0.742848,0.748606,0.748606
336.000000,0.735694,0.734965,0.746092,0.754284,0.746156,0.750689,0.732496,0.734885,0.734885
337.000000,0.733501,0.730861,0.743421,0.751891,0.732129,0.732129,0.708545,0.712037,0.712037
338.000000,0.731357,0.727057,0.741054,0.749967,0.713629,0.719020,0.705066,0.717121,0.717121
339.000000,0.725109,0.724937,0.738496,0.748299,0.714487,0.723308,0.711914,0.712894,0.712894
340.000000,0.720208,0.726217,0.737335,0.747448,0.713691,0.724900,0.705666,0.724104,0.724104
341.000000,0.719130,0.727412,0.736674,0.746761,0.727657,0.732619,0.719939,0.729495,0.729495
342.000000,0.718799,0.726150,0.734916,0.744796,0.730352,0.732006,0.709893,0.710383,0.710383
343.000000,0.714499,0.722928,0.732055,0.741584,0.708300,0.708943,0.688331,0.695620,0.695620
344.000000,0.709207,0.717158,0.728325,0.738540,0.694456,0.694456,0.678040,0.686432,0.686432
345.000000,0.701072,0.710640,0.724242,0.735308,0.688331,0.690230,0.679816,0.683430,0.683430
346.000000,0.692190,0.705660,0.720312,0.732615,0.680796,0.691639,0.675590,0.685084,0.685084
347.000000,0.686187,0.702493,0.716677,0.729778,0.682450,0.683614,0.675161,0.680368,0.680368
348.000000,0.684986,0.699743,0.713400,0.727283,0.683247,0.697458,0.683247,0.689617,0.689617
349.000000,0.686150,0.697678,0.711308,0.724890,0.688515,0.697152,0.685023,0.692251,0.692251
350.000000,0.688772,0.694922,0.710570,0.723198,0.693170,0.697029,0.691027,0.696539,0.696539
351.000000,0.692361,0.692276,0.709844,0.721874,0.701317,0.703093,0.697152,0.703032,0.703032
352.000000,0.696012,0.691100,0.708625,0.720310,0.702113,0.704242,0.693538,0.698622,0.698622
353.000000,0.699933,0.692459,0.707694,0.718857,0.704564,0.709954,0.696539,0.709219,0.709219
354.000000,0.703375,0.694763,0.705960,0.717137,0.709954,0.712956,0.704502,0.709464,0.709464
355.000000,0.707933,0.698352,0.704496,0.715612,0.710138,0.719755,0.706953,0.719326,0.719326
356.000000,0.713397,0.702879,0.704270,0.714501,0.715712,0.733844,0.709862,0.730352,0.730352
357.000000,0.720613,0.708312,0.705403,0.713889,0.730352,0.738744,0.725881,0.734701,0.734701
358.000000,0.727363,0.713648,0.706695,0.713482,0.737764,0.745543,0.731700,0.742971,0.742971
359.000000,0.736502,0.719939,0.708809,0.714185,0.745727,0.755467,0.741930,0.755161,0.755161
360.000000,0.745250,0.726591,0.710757,0.715910,0.754916,0.767841,0.753446,0.763063,0.763063
361.000000,0.748888,0.731142,0.711709,0.716943,0.747688,0.751914,0.744747,0.748545,0.748545
362.000000,0.750554,0.735583,0.713342,0.717611,0.744686,0.749770,0.739296,0.743032,0.743032
363.000000,0.749611,0.738487,0.715473,0.717958,0.740459,0.750138,0.735620,0.738254,0.738254
364.000000,0.745139,0.740821,0.717792,0.717580,0.741194,0.745911,0.731210,0.732802,0.732802
365.000000,0.740557,0.742904,0.720628,0.717299,0.729188,0.740582,0.724472,0.740153,0.740153
366.000000,0.741464,0.745176,0.724028,0.717905,0.738560,0.754977,0.738560,0.753078,0.753078
367.000000,0.743130,0.746842,0.727577,0.719216,0.754671,0.756937,0.744319,0.751363,0.751363
368.000000,0.745090,0.747351,0.730499,0.720247,0.755161,0.755161,0.744625,0.748055,0.748055
369.000000,0.749109,0.747124,0.733531,0.721580,0.748729,0.754916,0.746217,0.752894,0.752894
370.000000,0.751155,0.745856,0.736224,0.722456,0.753446,0.758591,0.748116,0.750383,0.750383
371.000000,0.751375,0.746420,0.738781,0.723279,0.751240,0.763614,0.746156,0.754181,0.754181
372.000000,0.752956,0.748043,0.741813,0.724909,0.752404,0.762021,0.743216,0.759265,0.759265
373.000000,0.757256,0.751173,0.744830,0.727373,0.761409,0.771975,0.750567,0.769556,0.769556
374.000000,0.760882,0.754995,0.747908,0.730193,0.765942,0.780643,0.764839,0.771026,0.771026
375.000000,0.765391,0.758273,0.750588,0.733176,0.771700,0.775069,0.764564,0.772925,0.772925
376.000000,0.769740,0.760557,0.752867,0.736204,0.771577,0.786891,0.771577,0.775926,0.775926
377.000000,0.770891,0.761923,0.754383,0.739026,0.773231,0.775835,0.762695,0.765023,0.765023
378.000000,0.771786,0.764521,0.755936,0.741840,0.768453,0.777029,0.768453,0.774028,0.774028
379.000000,0.772116,0.766499,0.756812,0.744521,0.774701,0.778806,0.769801,0.772680,0.772680
380.000000,0.768772,0.767081,0.756469,0.746509,0.772802,0.778989,0.755712,0.756202,0.756202
381.000000,0.764815,0.767277,0.756848,0.748280,0.760245,0.763492,0.755590,0.756141,0.756141
382.000000,0.761789,0.766340,0.757191,0.749989,0.746462,0.756325,0.744319,0.749893,0.749893
383.000000,0.756888,0.764337,0.757755,0.751332,0.751118,0.753139,0.744441,0.749525,0.749525
384.000000,0.752956,0.762536,0.758766,0.752784,0.774518,0.777887,0.750138,0.753017,0.753017
385.000000,0.753605,0.761188,0.759730,0.754121,0.756570,0.763308,0.754793,0.759449,0.759449
386.000000,0.751302,0.758058,0.759308,0.754597,0.762021,0.764900,0.739112,0.744625,0.744625
387.000000,0.749587,0.755688,0.758806,0.754818,0.742420,0.746340,0.737764,0.741317,0.741317
388.000000,0.748067,0.752478,0.758499,0.754783,0.743032,0.750873,0.739786,0.741930,0.741930
389.000000,0.745862,0.749409,0.757954,0.754344,0.741194,0.746585,0.738989,0.741991,0.741991
390.000000,0.737262,0.745433,0.756257,0.752790,0.745727,0.766922,0.712037,0.716447,0.716447
391.000000,0.730916,0.741109,0.754193,0.751602,0.723063,0.725084,0.712404,0.712894,0.712894
392.000000,0.728576,0.739081,0.752711,0.751155,0.715345,0.732098,0.712466,0.729617,0.729617
393.000000,0.724423,0.736245,0.750291,0.750585,0.727412,0.733109,0.717366,0.721164,0.721164
394.000000,0.718518,0.732190,0.747363,0.749907,0.719816,0.719816,0.710689,0.712466,0.712466
395.000000,0.717783,0.727522,0.744355,0.748994,0.714426,0.719939,0.709654,0.712772,0.712772
396.000000,0.717648,0.724282,0.741170,0.747632,0.713629,0.721899,0.710383,0.712221,0.712221
397.000000,0.711865,0.720221,0.737954,0.745944,0.708423,0.713629,0.698070,0.700704,0.700704
398.000000,0.707296,0.715859,0.734168,0.744286,0.708423,0.720368,0.691210,0.698315,0.698315
399.000000,0.704723,0.711620,0.730515,0.742509,0.701501,0.713605,0.694518,0.699602,0.699602
400.000000,0.700386,0.709084,0.727259,0.740533,0.698315,0.704135,0.689525,0.691087,0.691087
401.000000,0.696882,0.707265,0.724187,0.738550,0.689556,0.700766,0.689556,0.694701,0.694701
402.000000,0.694677,0.703271,0.721176,0.736231,0.695559,0.702910,0.687106,0.689678,0.689678
403.000000,0.694689,0.700992,0.718619,0.733858,0.689801,0.701072,0.689801,0.698377,0.698377
404.000000,0.694665,0.699694,0.715942,0.731473,0.701440,0.704441,0.694334,0.699479,0.699479
405.000000,0.696196,0.698291,0.712907,0.729001,0.695804,0.705666,0.695804,0.698744,0.698744
406.000000,0.697507,0.697194,0.710738,0.726511,0.699847,0.708974,0.699479,0.701256,0.701256
407.000000,0.699271,0.696974,0.708597,0.724294,0.701194,0.703400,0.695988,0.698499,0.698499
408.000000,0.699332,0.697011,0.706435,0.721783,0.702481,0.705544,0.692190,0.698683,0.698683
409.000000,0.701452,0.698058,0.704839,0.719696,0.702358,0.710567,0.702175,0.710077,0.710077
410.000000,0.703755,0.699975,0.704530,0.718164,0.710138,0.715896,0.708423,0.710260,0.710260
411.000000,0.706389,0.701948,0.704606,0.716774,0.710444,0.716055,0.706524,0.714426,0.714426
412.000000,0.711939,0.705605,0.704438,0.715986,0.716325,0.727718,0.710567,0.726248,0.726248
413.000000,0.717231,0.708282,0.704637,0.715173,0.724778,0.730720,0.719694,0.725145,0.725145
414.000000,0.721201,0.711326,0.705510,0.714403,0.729617,0.730781,0.725329,0.729923,0.729923
415.000000,0.725783,0.714769,0.706530,0.713527,0.731577,0.735620,0.724594,0.733170,0.733170
416.000000,0.728196,0.717292,0.707243,0.712923,0.733599,0.733599,0.724962,0.726493,0.726493
417.000000,0.726910,0.719424,0.708199,0.712206,0.725329,0.725636,0.718683,0.719816,0.719816
418.000000,0.727008,0.722119,0.709565,0.711663,0.719939,0.727718,0.716141,0.725636,0.725636
419.000000,0.727975,0.724588,0.711323,0.711422,0.726554,0.738438,0.726554,0.734763,0.734763
420.000000,0.728796,0.727289,0.713632,0.712116,0.739112,0.739112,0.733538,0.737274,0.737274
421.000000,0.730119,0.729158,0.715553,0.712790,0.737825,0.744196,0.730965,0.733109,0.733109
422.000000,0.728319,0.727614,0.716609,0.712163,0.726248,0.727412,0.709342,0.710812,0.710812
423.000000,0.725072,0.726040,0.717161,0.711771,0.710628,0.713323,0.704992,0.709403,0.709403
424.000000,0.718971,0.723473,0.717400,0.711498,0.709709,0.709770,0.699724,0.704257,0.704257
425.000000,0.714046,0.721421,0.718095,0.711494,0.706769,0.715590,0.700092,0.712649,0.712649
426.000000,0.710603,0.720361,0.718827,0.711616,0.711240,0.716141,0.706830,0.715896,0.715896
427.000000,0.712466,0.720392,0.719908,0.712263,0.716018,0.725574,0.714609,0.720123,0.720123
428.000000,0.714352,0.719712,0.720916,0.712947,0.718775,0.725819,0.716202,0.718836,0.718836
429.000000,0.715455,0.717213,0.720900,0.713286,0.714855,0.723063,0.709648,0.709770,0.709770
430.000000,0.714499,0.714273,0.720781,0.713846,0.713262,0.715975,0.702680,0.707871,0.707871
431.000000,0.716410,0.713507,0.721332,0.714871,0.708116,0.725881,0.705482,0.725452,0.725452
432.000000,0.716435,0.714450,0.721032,0.715890,0.732190,0.735314,0.719326,0.720245,0.720245
433.000000,0.714769,0.714560,0.720300,0.716294,0.720551,0.720551,0.710322,0.710505,0.710505
434.000000,0.712772,0.714113,0.718793,0.716304,0.707994,0.709709,0.699418,0.699786,0.699786
435.000000,0.711387,0.712943,0.717182,0.716378,0.698315,0.704502,0.694579,0.700949,0.700949
436.000000,0.703779,0.710095,0.715228,0.715916,0.700521,0.702848,0.686922,0.687412,0.687412
437.000000,0.699051,0.707743,0.714067,0.715853,0.690046,0.697274,0.687688,0.696600,0.696600
438.000000,0.695583,0.705176,0.712444,0.715669,0.687351,0.693476,0.683859,0.693170,0.693170
439.000000,0.692913,0.702842,0.710028,0.714881,0.692374,0.694579,0.685084,0.686432,0.686432
440.000000,0.689936,0.700662,0.707467,0.714075,0.686677,0.693231,0.681348,0.686064,0.686064
441.000000,0.690879,0.697329,0.705418,0.713331,0.686861,0.695559,0.682266,0.692129,0.692129
442.000000,0.690511,0.694781,0.704616,0.712282,0.695069,0.700398,0.694579,0.694763,0.694763
443.000000,0.689531,0.692557,0.703559,0.711053,0.696294,0.700153,0.687779,0.688270,0.688270
444.000000,0.687057,0.689985,0.702049,0.709190,0.683247,0.687351,0.673874,0.674058,0.674058
445.000000,0.687326,0.688631,0.700787,0.707665,0.674364,0.688270,0.673446,0.687412,0.687412
446.000000,0.682156,0.686518,0.698306,0.705658,0.687044,0.687044,0.665299,0.666279,0.666279
447.000000,0.675210,0.682861,0.695302,0.703665,0.667443,0.673752,0.659724,0.660031,0.660031
448.000000,0.668986,0.679259,0.692217,0.701382,0.659602,0.665115,0.655191,0.657152,0.657152
449.000000,0.664931,0.675994,0.689418,0.698683,0.661072,0.665789,0.652741,0.653783,0.653783
450.000000,0.654493,0.670910,0.685786,0.695281,0.646371,0.650230,0.631669,0.635222,0.635222
451.000000,0.651296,0.666726,0.682028,0.692521,0.624012,0.652006,0.624012,0.650291,0.650291
452.000000,0.650377,0.662793,0.678787,0.690675,0.655926,0.662603,0.652251,0.655436,0.655436
453.000000,0.650034,0.659510,0.676034,0.688876,0.655008,0.657152,0.650658,0.655436,0.655436
454.000000,0.662285,0.663608,0.676796,0.689235,0.669035,0.718224,0.661562,0.715038,0.715038
455.000000,0.678322,0.666407,0.677519,0.689327,0.720368,0.730168,0.708851,0.715406,0.715406
456.000000,0.691296,0.671296,0.678907,0.689303,0.725268,0.726524,0.713874,0.715161,0.715161
457.000000,0.702934,0.676655,0.679758,0.689086,0.713384,0.722894,0.710444,0.713629,0.713629
458.000000,0.715479,0.682757,0.681008,0.689064,0.712894,0.718897,0.704564,0.718162,0.718162
459.000000,0.719093,0.690689,0.683342,0.689842,0.719755,0.734028,0.715896,0.733109,0.733109
460.000000,0.723737,0.701029,0.685969,0.690867,0.735620,0.740092,0.725881,0.738622,0.738622
461.000000,0.727596,0.709446,0.688086,0.691167,0.734211,0.738132,0.725942,0.734456,0.734456
462.000000,0.733268,0.718101,0.690447,0.691892,0.742910,0.747933,0.734395,0.741991,0.741991
463.000000,0.739124,0.727302,0.693406,0.693123,0.746279,0.759510,0.744564,0.747443,0.747443
464.000000,0.742077,0.730585,0.697096,0.694726,0.744931,0.749035,0.738867,0.747871,0.747871
465.000000,0.744343,0.734040,0.700224,0.696359,0.750995,0.756876,0.729066,0.749954,0.749954
466.000000,0.748386,0.737991,0.704643,0.698601,0.751179,0.756141,0.747504,0.754671,0.754671
467.000000,0.751522,0.742395,0.709525,0.700637,0.754793,0.757795,0.748962,0.757672,0.757672
468.000000,0.754597,0.746861,0.714809,0.702959,0.759510,0.764717,0.744564,0.762818,0.762818
469.000000,0.757158,0.749617,0.720153,0.705433,0.763002,0.766677,0.759816,0.760674,0.760674
470.000000,0.760747,0.752545,0.726787,0.708161,0.755467,0.768637,0.752711,0.767902,0.767902
471.000000,0.761127,0.754757,0.732101,0.710309,0.771516,0.772129,0.751792,0.756570,0.756570
472.000000,0.759449,0.755485,0.736793,0.712127,0.754671,0.763247,0.745789,0.749280,0.749280
473.000000,0.755994,0.755296,0.741299,0.714036,0.748668,0.748668,0.740092,0.745544,0.745544
474.000000,0.752711,0.754934,0.742760,0.716376,0.745237,0.751057,0.743338,0.744257,0.744257
475.000000,0.748227,0.754487,0.744263,0.718311,0.746646,0.746646,0.735681,0.745482,0.745482
476.000000,0.746934,0.754031,0.746011,0.721106,0.740521,0.750873,0.740214,0.750107,0.750107
477.000000,0.744472,0.751960,0.747178,0.723670,0.756815,0.759449,0.734089,0.736968,0.736968
478.000000,0.746603,0.751299,0.749080,0.726972,0.740276,0.757121,0.737090,0.756202,0.756202
479.000000,0.749593,0.751152,0.750384,0.730486,0.757611,0.762511,0.748606,0.759204,0.759204
480.000000,0.751663,0.749945,0.751245,0.734506,0.760858,0.760858,0.752894,0.755835,0.755835
481.000000,0.750211,0.748573,0.751665,0.737592,0.757121,0.757182,0.740766,0.742848,0.742848
482.000000,0.749525,0.746998,0.751242,0.740195,0.737519,0.739541,0.729678,0.733538,0.733538
483.000000,0.747737,0.747170,0.751233,0.743256,0.735069,0.748668,0.732557,0.747259,0.747259
484.000000,0.747026,0.748309,0.751622,0.744609,0.746095,0.758714,0.745850,0.755651,0.755651
485.000000,0.745580,0.748622,0.751554,0.745716,0.753507,0.753507,0.744870,0.748606,0.748606
486.000000,0.751375,0.750793,0.752412,0.747605,0.752833,0.775620,0.752833,0.771822,0.771822
487.000000,0.758493,0.754009,0.752985,0.749455,0.773354,0.776845,0.761348,0.769127,0.769127
488.000000,0.762524,0.755130,0.753214,0.751096,0.759632,0.769127,0.750015,0.767412,0.767412
489.000000,0.759681,0.753354,0.752253,0.751374,0.762021,0.766616,0.740766,0.741440,0.741440
490.000000,0.757844,0.751712,0.750828,0.751401,0.747626,0.753874,0.737072,0.739418,0.739418
491.000000,0.749133,0.750254,0.749413,0.751194,0.736478,0.741501,0.726616,0.728270,0.728270
492.000000,0.740178,0.749335,0.748167,0.750606,0.732190,0.740991,0.721041,0.724349,0.724349
493.000000,0.733207,0.747865,0.747518,0.750110,0.720368,0.738560,0.717121,0.732557,0.732557
494.000000,0.733342,0.746511,0.747410,0.749918,0.731700,0.746462,0.731700,0.742113,0.742113
495.000000,0.736870,0.747357,0.747989,0.750155,0.752894,0.760306,0.743462,0.757060,0.757060
496.000000,0.742714,0.745923,0.748358,0.750249,0.757121,0.763492,0.752098,0.757489,0.757489
497.000000,0.750542,0.745360,0.749685,0.750443,0.761531,0.768208,0.757550,0.763492,0.763492
498.000000,0.759289,0.746248,0.750689,0.750892,0.766616,0.777397,0.766309,0.776294,0.776294
499.000000,0.765452,0.749397,0.751375,0.751301,0.779296,0.779296,0.769250,0.772925,0.772925
500.000000,0.768992,0.752931,0.752322,0.751529,0.773599,0.781072,0.767779,0.774763,0.774763
501.000000,0.772900,0.757807,0.754031,0.752211,0.771087,0.786401,0.771087,0.777029,0.777029
502.000000,0.775583,0.763063,0.756199,0.753132,0.773599,0.783645,0.767994,0.776907,0.776907
503.000000,0.774640,0.766965,0.757415,0.754000,0.781991,0.781991,0.770904,0.771577,0.771577
504.000000,0.773501,0.769476,0.757994,0.754766,0.776907,0.777029,0.758530,0.767228,0.767228
505.000000,0.767779,0.768386,0.757871,0.754788,0.762818,0.762818,0.745237,0.746156,0.746156
506.000000,0.759828,0.766364,0.756144,0.754360,0.744809,0.749587,0.729250,0.737274,0.737274
507.000000,0.752649,0.764116,0.754738,0.754495,0.744257,0.753752,0.735743,0.741011,0.741011
508.000000,0.750346,0.762493,0.754371,0.754624,0.745482,0.760490,0.745482,0.760061,0.760061
509.000000,0.744331,0.758916,0.754156,0.753889,0.759020,0.759020,0.736600,0.737152,0.737152
510.000000,0.741795,0.754787,0.753859,0.753143,0.739908,0.745666,0.727565,0.733476,0.733476
511.000000,0.740717,0.750273,0.754040,0.752778,0.738438,0.747014,0.722818,0.731884,0.731884
512.000000,0.735743,0.744196,0.753629,0.752198,0.720858,0.722328,0.698315,0.716141,0.716141
513.000000,0.724594,0.737470,0.752217,0.750767,0.715835,0.724410,0.704012,0.704319,0.704319
514.000000,0.720098,0.732214,0.750845,0.749401,0.701378,0.715590,0.698193,0.714671,0.714671
515.000000,0.716692,0.729243,0.748815,0.748329,0.716386,0.728086,0.703553,0.716447,0.716447
516.000000,0.714573,0.727645,0.747005,0.746644,0.714303,0.722138,0.712312,0.721286,0.721286
517.000000,0.723810,0.729776,0.746946,0.746418,0.735743,0.763767,0.727596,0.762328,0.762328
518.000000,0.732067,0.728331,0.745412,0.745691,0.763859,0.768453,0.744257,0.745605,0.745605
519.000000,0.739479,0.729789,0.744352,0.746034,0.742113,0.753874,0.728270,0.751730,0.751730
520.000000,0.743706,0.730199,0.742493,0.745972,0.740643,0.743461,0.737213,0.737580,0.737580
521.000000,0.743240,0.728907,0.739590,0.745662,0.742603,0.742603,0.716692,0.718959,0.718959
522.000000,0.736527,0.730168,0.737182,0.745809,0.719816,0.730230,0.714640,0.728760,0.728760
523.000000,0.730904,0.731485,0.734478,0.745307,0.723614,0.731945,0.716018,0.717489,0.717489
524.000000,0.727963,0.733721,0.732968,0.745137,0.724165,0.737948,0.716754,0.737029,0.737029
525.000000,0.730977,0.737342,0.733292,0.744990,0.743951,0.755773,0.743951,0.752649,0.752649
526.000000,0.735461,0.739351,0.733498,0.744453,0.748974,0.754364,0.741011,0.741378,0.741378
527.000000,0.740937,0.738732,0.734254,0.744208,0.749954,0.761103,0.746953,0.756141,0.756141
528.000000,0.751302,0.741103,0.734717,0.743975,0.763185,0.771761,0.761194,0.769311,0.769311
529.000000,0.755124,0.741544,0.735666,0.743416,0.763920,0.766616,0.753507,0.756141,0.756141
530.000000,0.757623,0.744300,0.737250,0.743095,0.762695,0.770597,0.755773,0.765145,0.765145
531.000000,0.761482,0.748472,0.738689,0.742550,0.762389,0.766799,0.756325,0.760674,0.760674
532.000000,0.764104,0.752521,0.741345,0.742295,0.765758,0.771271,0.762695,0.769250,0.769250
533.000000,0.764239,0.757770,0.744628,0.742242,0.768147,0.773354,0.765268,0.769985,0.769985
534.000000,0.768270,0.761697,0.747709,0.742544,0.768270,0.776907,0.763553,0.776294,0.776294
535.000000,0.767730,0.762677,0.750009,0.743087,0.772864,0.776018,0.759816,0.762450,0.762450
536.000000,0.767375,0.764429,0.751890,0.743808,0.759265,0.764778,0.752404,0.758897,0.758897
537.000000,0.767522,0.765813,0.752273,0.744774,0.756202,0.770475,0.747075,0.769985,0.769985
538.000000,0.767926,0.766083,0.753593,0.745172,0.767289,0.772925,0.763002,0.772006,0.772006
539.000000,0.766585,0.767427,0.754485,0.746253,0.774763,0.778254,0.768698,0.769587,0.769587
540.000000,0.766352,0.767041,0.755671,0.747180,0.770230,0.770230,0.760306,0.761286,0.761286
541.000000,0.766279,0.766827,0.757649,0.748068,0.759755,0.763063,0.753272,0.758530,0.758530
542.000000,0.763400,0.765461,0.758991,0.749383,0.758162,0.760368,0.754609,0.755590,0.755590
543.000000,0.761672,0.764799,0.761285,0.751352,0.754548,0.764165,0.753875,0.763369,0.763369
544.000000,0.760153,0.763369,0.762533,0.752929,0.764594,0.766616,0.756018,0.761991,0.761991
545.000000,0.760729,0.763541,0.763109,0.754520,0.757060,0.764472,0.754487,0.764165,0.764165
546.000000,0.762015,0.764147,0.764288,0.755975,0.765452,0.772435,0.755467,0.764962,0.764962
547.000000,0.765593,0.764496,0.765155,0.756347,0.764165,0.783890,0.764165,0.773476,0.773476
548.000000,0.767908,0.764790,0.765436,0.757325,0.773047,0.782542,0.766995,0.774946,0.774946
549.000000,0.766591,0.763372,0.765400,0.757448,0.767963,0.767963,0.755345,0.755406,0.755406
550.000000,0.767424,0.764077,0.765559,0.758473,0.758224,0.768821,0.755479,0.768331,0.768331
551.000000,0.772753,0.767384,0.767106,0.760894,0.774763,0.793629,0.771516,0.791608,0.791608
552.000000,0.778940,0.772266,0.768864,0.763416,0.788361,0.805574,0.788300,0.804410,0.804410
553.000000,0.786291,0.777100,0.770949,0.766556,0.811639,0.816779,0.802083,0.811700,0.811700
554.000000,0.796435,0.781513,0.772441,0.768860,0.812557,0.812557,0.800735,0.806126,0.806126
555.000000,0.803908,0.785666,0.774603,0.770628,0.801654,0.818927,0.801654,0.805697,0.805697
556.000000,0.806028,0.789391,0.776769,0.772655,0.804962,0.805881,0.797121,0.802205,0.802205
557.000000,0.806738,0.792839,0.778668,0.774383,0.804349,0.809066,0.799755,0.807963,0.807963
558.000000,0.803492,0.794891,0.779841,0.775255,0.807351,0.808637,0.795038,0.795467,0.795467
559.000000,0.800478,0.798456,0.780914,0.776419,0.796080,0.805452,0.777090,0.791057,0.791057
560.000000,0.793825,0.798867,0.781472,0.776662,0.791240,0.795651,0.772312,0.772435,0.772435
561.000000,0.789685,0.797856,0.782620,0.777356,0.768760,0.783706,0.765084,0.781501,0.781501
562.000000,0.784000,0.795369,0.783818,0.777699,0.780827,0.780827,0.771149,0.779541,0.779541
563.000000,0.783302,0.793397,0.785248,0.778432,0.784380,0.794732,0.780214,0.791975,0.791975
564.000000,0.783841,0.792159,0.786836,0.779014,0.786891,0.795712,0.784809,0.793752,0.793752
565.000000,0.789096,0.791461,0.788564,0.780223,0.795835,0.800123,0.786340,0.798714,0.798714
566.000000,0.793642,0.791663,0.790527,0.781734,0.798775,0.806309,0.794855,0.804227,0.804227
567.000000,0.798787,0.791394,0.792116,0.782910,0.795038,0.808821,0.787933,0.805268,0.805268
568.000000,0.801985,0.792643,0.793767,0.784108,0.807044,0.818622,0.800858,0.807963,0.807963
569.000000,0.803700,0.793770,0.796113,0.785200,0.811394,0.812251,0.799755,0.802328,0.802328
570.000000,0.804141,0.796619,0.797743,0.786521,0.803124,0.808392,0.793813,0.800919,0.800919
571.000000,0.803222,0.798432,0.798144,0.787891,0.801348,0.803063,0.796202,0.799632,0.799632
572.000000,0.803247,0.801017,0.798193,0.789551,0.798346,0.808576,0.794193,0.805391,0.805391
573.000000,0.801335,0.801660,0.797528,0.790719,0.789096,0.800061,0.789096,0.798407,0.798407
574.000000,0.801666,0.802683,0.797421,0.792118,0.800368,0.805222,0.795467,0.803982,0.803982
575.000000,0.802266,0.803204,0.797332,0.793444,0.804043,0.806922,0.795651,0.803920,0.803920
576.000000,0.800263,0.801743,0.796703,0.794265,0.798959,0.800704,0.787749,0.789617,0.789617
577.000000,0.797176,0.800211,0.795802,0.794815,0.796447,0.799449,0.787933,0.789954,0.789954
578.000000,0.804539,0.802937,0.797790,0.796824,0.802450,0.838836,0.790689,0.835222,0.835222
579.000000,0.809342,0.805504,0.799637,0.799243,0.836447,0.846064,0.826462,0.827994,0.827994
580.000000,0.813495,0.807881,0.802250,0.801122,0.828423,0.832312,0.823890,0.824686,0.824686
581.000000,0.817899,0.809081,0.803757,0.801790,0.825054,0.827044,0.810842,0.811639,0.811639
582.000000,0.820484,0.808830,0.804923,0.801739,0.814640,0.822358,0.799510,0.802879,0.802879
583.000000,0.816417,0.810478,0.806069,0.801845,0.802450,0.815498,0.801470,0.814885,0.814885
584.000000,0.815161,0.812251,0.807467,0.802364,0.812251,0.824625,0.811271,0.821715,0.821715
585.000000,0.814499,0.813997,0.808600,0.802887,0.817213,0.827810,0.812619,0.821378,0.821378
586.000000,0.816349,0.817124,0.809433,0.803510,0.826891,0.830260,0.814885,0.820888,0.820888
587.000000,0.823779,0.822132,0.811172,0.804579,0.823767,0.840858,0.821538,0.840031,0.840031
588.000000,0.828374,0.822395,0.812666,0.805992,0.837121,0.843247,0.835283,0.837856,0.837856
589.000000,0.833243,0.824202,0.814853,0.807825,0.836141,0.846371,0.835222,0.846064,0.846064
590.000000,0.837121,0.825810,0.816845,0.810103,0.847228,0.849893,0.839939,0.840766,0.840766
591.000000,0.842058,0.829204,0.819142,0.812239,0.844165,0.849066,0.838101,0.845574,0.845574
592.000000,0.844172,0.833975,0.821403,0.814607,0.845881,0.853905,0.838652,0.850597,0.850597
593.000000,0.847443,0.837908,0.824193,0.816682,0.849127,0.856233,0.841164,0.854211,0.854211
594.000000,0.849856,0.841550,0.826900,0.818828,0.854763,0.859418,0.847810,0.858132,0.858132
595.000000,0.854652,0.845887,0.829942,0.821029,0.862726,0.867259,0.854518,0.864747,0.864747
596.000000,0.855498,0.848778,0.832951,0.822548,0.867871,0.871240,0.843798,0.849801,0.849801
597.000000,0.857985,0.851078,0.836605,0.824474,0.850965,0.866095,0.850965,0.863032,0.863032
598.000000,0.861366,0.854404,0.838400,0.826579,0.866891,0.873017,0.864931,0.871118,0.871118
599.000000,0.863265,0.856560,0.840381,0.828755,0.869832,0.871608,0.862358,0.867626,0.867626
600.000000,0.864392,0.859522,0.842666,0.831071,0.864809,0.871608,0.861256,0.870383,0.870383
601.000000,0.868178,0.861838,0.845521,0.833374,0.869832,0.874181,0.867871,0.868729,0.868729
602.000000,0.867479,0.862732,0.848354,0.835179,0.865360,0.868055,0.855191,0.859541,0.859541
603.000000,0.866242,0.863804,0.850856,0.837397,0.862052,0.868453,0.857642,0.864931,0.864931
604.000000,0.865911,0.864588,0.853069,0.839463,0.863767,0.868667,0.857703,0.865972,0.865972
605.000000,0.862922,0.863657,0.854772,0.841180,0.866769,0.867259,0.853538,0.855436,0.855436
606.000000,0.858953,0.863565,0.856172,0.843156,0.859234,0.863093,0.846003,0.848882,0.848882
607.000000,0.857556,0.862518,0.856798,0.845242,0.850046,0.856784,0.848086,0.852557,0.852557
608.000000,0.855620,0.860931,0.857668,0.845910,0.854395,0.861255,0.851822,0.855253,0.855253
609.000000,0.853366,0.859639,0.858100,0.846800,0.855130,0.858285,0.851149,0.854701,0.854701
610.000000,0.854236,0.858579,0.859051,0.847970,0.859724,0.864379,0.857764,0.859786,0.859786
611.000000,0.858769,0.858861,0.860349,0.849967,0.860949,0.873629,0.858021,0.871547,0.871547
612.000000,0.865176,0.861366,0.862049,0.852691,0.870383,0.885881,0.869096,0.884594,0.884594
613.000000,0.873715,0.864668,0.864236,0.855460,0.890658,0.900582,0.886677,0.897948,0.897948
614.000000,0.882708,0.868037,0.866312,0.858058,0.897825,0.902297,0.891767,0.899663,0.899663
615.000000,0.890511,0.872374,0.868015,0.860639,0.899663,0.899724,0.892129,0.898806,0.898806
616.000000,0.895583,0.877176,0.870371,0.863173,0.891822,0.903645,0.886248,0.896907,0.896907
617.000000,0.900361,0.882769,0.872643,0.865455,0.896600,0.909219,0.894089,0.908484,0.908484
618.000000,0.899026,0.886371,0.873651,0.867235,0.913139,0.914181,0.889556,0.891271,0.891271
619.000000,0.898328,0.890518,0.875078,0.868906,0.892435,0.899357,0.886248,0.896172,0.896172
620.000000,0.898034,0.894273,0.876426,0.870791,0.896723,0.899112,0.891945,0.897335,0.897335
621.000000,0.899969,0.897776,0.878319,0.872825,0.902971,0.908361,0.893354,0.906585,0.906585
622.000000,0.900153,0.900257,0.880812,0.874785,0.910995,0.916692,0.905544,0.909403,0.909403
623.000000,0.902126,0.900576,0.882622,0.876349,0.907075,0.911302,0.900888,0.901133,0.901133
624.000000,0.903020,0.900674,0.884355,0.877766,0.907381,0.913078,0.898009,0.900643,0.900643
625.000000,0.905997,0.902015,0.887194,0.879349,0.905176,0.915957,0.905176,0.912221,0.912221
626.000000,0.903008,0.901489,0.889332,0.880743,0.904931,0.908790,0.891149,0.891639,0.891639
627.000000,0.900472,0.900312,0.891541,0.881866,0.900827,0.905054,0.891394,0.896723,0.896723
628.000000,0.902677,0.902401,0.894386,0.883234,0.904992,0.914855,0.904931,0.912159,0.912159
629.000000,0.903547,0.903283,0.896900,0.884480,0.911057,0.911057,0.895436,0.904992,0.904992
630.000000,0.900876,0.903436,0.898855,0.885429,0.895865,0.907749,0.891639,0.898867,0.898867
631.000000,0.899394,0.901201,0.899489,0.885946,0.897580,0.899190,0.879112,0.884227,0.884227
632.000000,0.896380,0.898426,0.899342,0.886683,0.878224,0.886371,0.875106,0.881654,0.881654
633.000000,0.892680,0.897678,0.899127,0.887641,0.897213,0.914119,0.883308,0.893660,0.893660
634.000000,0.892325,0.897936,0.899305,0.888882,0.904809,0.908361,0.897152,0.903216,0.903216
635.000000,0.894481,0.897678,0.899847,0.890689,0.909954,0.914242,0.903645,0.909648,0.909648
636.000000,0.899712,0.899553,0.900521,0.892739,0.906585,0.917182,0.903338,0.910383,0.910383
637.000000,0.908178,0.902279,0.901296,0.895120,0.911057,0.924043,0.906585,0.923982,0.923982
638.000000,0.915908,0.904294,0.903348,0.897689,0.934028,0.934518,0.924582,0.932312,0.932312
639.000000,0.920564,0.906444,0.904864,0.900082,0.931639,0.941133,0.915896,0.926493,0.926493
640.000000,0.925011,0.909746,0.906591,0.902485,0.932129,0.937519,0.925697,0.931884,0.931884
641.000000,0.921911,0.910812,0.906006,0.903263,0.937274,0.954609,0.891026,0.894885,0.894885
642.000000,0.920662,0.914420,0.906423,0.904368,0.904686,0.925391,0.900521,0.917734,0.917734
643.000000,0.917403,0.916655,0.907167,0.904970,0.917182,0.930046,0.913201,0.916018,0.916018
644.000000,0.913789,0.917176,0.907556,0.905262,0.916998,0.920613,0.905972,0.908423,0.908423
645.000000,0.906867,0.915939,0.906809,0.905211,0.903890,0.906340,0.891639,0.897274,0.897274
646.000000,0.907063,0.914487,0.907020,0.905176,0.902971,0.903093,0.890904,0.895865,0.895865
647.000000,0.902959,0.911810,0.907044,0.904800,0.897764,0.900337,0.889923,0.897213,0.897213
648.000000,0.899394,0.908398,0.906346,0.905031,0.893844,0.901194,0.890720,0.898193,0.898193
649.000000,0.896074,0.904931,0.905688,0.904886,0.899541,0.899541,0.889678,0.891822,0.891822
650.000000,0.895253,0.901060,0.905403,0.904747,0.894334,0.897274,0.883522,0.893170,0.893170
651.000000,0.895302,0.901182,0.905997,0.904398,0.895498,0.905452,0.886064,0.896110,0.896110
652.000000,0.899026,0.900992,0.907706,0.904613,0.898560,0.916876,0.893905,0.915835,0.915835
653.000000,0.898904,0.899149,0.907902,0.904494,0.917672,0.917856,0.895008,0.897580,0.897580
654.000000,0.899381,0.897727,0.907452,0.904280,0.898867,0.903890,0.884472,0.894211,0.894211
655.000000,0.900423,0.897838,0.906888,0.903818,0.900337,0.905972,0.897580,0.898377,0.898377
656.000000,0.897593,0.896447,0.905467,0.903496,0.891884,0.892833,0.870689,0.881960,0.881960
657.000000,0.886260,0.892643,0.902227,0.902244,0.873139,0.875100,0.843063,0.859173,0.859173
658.000000,0.879951,0.889427,0.898913,0.900706,0.863155,0.869280,0.855498,0.866034,0.866034
659.000000,0.876668,0.888025,0.896478,0.899800,0.865237,0.878224,0.862848,0.877795,0.877795
660.000000,0.873348,0.886885,0.893972,0.899230,0.872894,0.888392,0.864686,0.881776,0.881776
661.000000,0.872747,0.885170,0.893176,0.899055,0.881348,0.890597,0.875896,0.878959,0.878959
662.000000,0.872870,0.879565,0.890279,0.898326,0.872588,0.874671,0.859234,0.859786,0.859786
663.000000,0.866953,0.873452,0.886300,0.896419,0.853170,0.853170,0.836141,0.836447,0.836447
664.000000,0.856637,0.866652,0.882190,0.893852,0.828913,0.836692,0.822848,0.826217,0.826217
665.000000,0.837942,0.855645,0.876741,0.889807,0.784992,0.815988,0.781256,0.788300,0.788300
666.000000,0.818193,0.845470,0.870959,0.885468,0.811639,0.813109,0.779479,0.780214,0.780214
667.000000,0.806395,0.839632,0.866138,0.881362,0.795406,0.802450,0.778315,0.800796,0.800796
668.000000,0.801936,0.834444,0.861936,0.877423,0.811761,0.821133,0.805513,0.814150,0.814150
669.000000,0.799694,0.828165,0.858095,0.873707,0.808576,0.821930,0.808576,0.815008,0.815008
670.000000,0.805574,0.821758,0.854322,0.869901,0.812067,0.822634,0.808882,0.817703,0.817703
671.000000,0.805060,0.811626,0.848398,0.865993,0.798959,0.806799,0.776753,0.777642,0.777642
672.000000,0.802744,0.804570,0.842067,0.861709,0.785237,0.792098,0.774824,0.789219,0.789219
673.000000,0.800527,0.801231,0.837342,0.857944,0.791975,0.805513,0.790260,0.803063,0.803063
674.000000,0.796888,0.798291,0.832472,0.854224,0.795038,0.803185,0.790260,0.796815,0.796815
675.000000,0.798518,0.802046,0.828845,0.851843,0.812496,0.826891,0.798040,0.825850,0.825850
676.000000,0.806738,0.805899,0.825685,0.849272,0.835222,0.835773,0.817764,0.818744,0.818744
677.000000,0.815302,0.809023,0.824328,0.847100,0.819602,0.835590,0.813538,0.832037,0.832037
678.000000,0.822738,0.811632,0.823038,0.845168,0.832037,0.840490,0.823583,0.840245,0.840245
679.000000,0.832221,0.814554,0.821360,0.843581,0.837427,0.846799,0.835038,0.844227,0.844227
680.000000,0.837329,0.817923,0.819841,0.842189,0.843982,0.853562,0.842695,0.851394,0.851394
681.000000,0.843577,0.825158,0.818392,0.840651,0.848270,0.852251,0.842083,0.849985,0.849985
682.000000,0.847681,0.831492,0.818031,0.838542,0.851639,0.870383,0.842695,0.852557,0.852557
683.000000,0.847081,0.834910,0.818070,0.836531,0.840858,0.843798,0.831240,0.837243,0.837243
684.000000,0.848270,0.840245,0.819268,0.835063,0.843369,0.857082,0.839387,0.850168,0.850168
685.000000,0.847069,0.842199,0.822123,0.833297,0.836631,0.847351,0.832772,0.845391,0.845391
686.000000,0.847167,0.845372,0.825636,0.832247,0.847106,0.853047,0.841378,0.850475,0.850475
687.000000,0.845844,0.846763,0.827893,0.831806,0.840490,0.847657,0.831975,0.845942,0.845942
688.000000,0.848221,0.847651,0.829642,0.831242,0.854456,0.864196,0.846309,0.849127,0.849127
689.000000,0.844606,0.846438,0.830496,0.829719,0.849005,0.849250,0.829923,0.832098,0.832098
690.000000,0.841972,0.844521,0.831222,0.828067,0.835283,0.835283,0.821501,0.832221,0.832221
691.000000,0.840404,0.843786,0.834472,0.826857,0.840551,0.844778,0.833139,0.842634,0.842634
692.000000,0.842021,0.843933,0.837712,0.826665,0.845636,0.856355,0.836937,0.854028,0.854028
693.000000,0.838652,0.843436,0.839173,0.826526,0.836631,0.838897,0.811884,0.832282,0.832282
694.000000,0.844067,0.844337,0.842291,0.827624,0.839877,0.862175,0.839387,0.859173,0.859173
695.000000,0.847730,0.844851,0.843525,0.829699,0.854334,0.858469,0.845514,0.850536,0.850536
696.000000,0.851871,0.846138,0.845755,0.832470,0.853844,0.868300,0.852619,0.863338,0.863338
697.000000,0.855142,0.848582,0.847672,0.834789,0.864319,0.871485,0.857060,0.870383,0.870383
698.000000,0.861256,0.849954,0.848802,0.836412,0.870383,0.875590,0.859051,0.862848,0.862848
699.000000,0.863436,0.853752,0.850095,0.838248,0.865421,0.875528,0.857489,0.870077,0.870077
700.000000,0.866683,0.857207,0.850864,0.839884,0.868361,0.876110,0.863338,0.866769,0.866769
701.000000,0.863265,0.857568,0.850677,0.842170,0.865237,0.870383,0.843185,0.846248,0.846248
702.000000,0.861966,0.858554,0.851243,0.844660,0.851639,0.864012,0.843675,0.863890,0.863890
703.000000,0.861844,0.861550,0.852493,0.846632,0.867749,0.871669,0.857948,0.862236,0.862236
704.000000,0.863975,0.863706,0.854021,0.849429,0.862603,0.885391,0.860643,0.880735,0.880735
705.000000,0.869746,0.868214,0.856533,0.851755,0.869832,0.900643,0.869832,0.895620,0.895620
706.000000,0.876913,0.870089,0.858113,0.853866,0.904564,0.904564,0.878469,0.882083,0.882083
707.000000,0.882034,0.872000,0.860291,0.855782,0.884900,0.900398,0.872306,0.889495,0.889495
708.000000,0.892214,0.877029,0.863492,0.858211,0.896355,0.913507,0.893538,0.913139,0.913139
709.000000,0.897139,0.880557,0.867155,0.860249,0.909035,0.913201,0.897825,0.905360,0.905360
710.000000,0.898205,0.883975,0.870591,0.861901,0.900398,0.907626,0.888208,0.900949,0.900949
711.000000,0.909966,0.893440,0.875504,0.864931,0.902236,0.941317,0.898254,0.940888,0.940888
712.000000,0.918175,0.900104,0.879329,0.867530,0.941501,0.945789,0.928821,0.930536,0.930536
713.000000,0.917991,0.905103,0.883326,0.870030,0.931577,0.933139,0.905066,0.912221,0.912221
714.000000,0.922254,0.909697,0.886701,0.872580,0.918530,0.930107,0.910505,0.926677,0.926677
715.000000,0.924876,0.911541,0.889877,0.874869,0.923002,0.937152,0.913017,0.914058,0.914058
716.000000,0.920821,0.915394,0.892741,0.877207,0.918897,0.929727,0.914793,0.920613,0.920613
717.000000,0.920649,0.919412,0.895706,0.879998,0.921776,0.934089,0.917979,0.929678,0.929678
718.000000,0.930168,0.924080,0.900554,0.883688,0.941623,0.987051,0.937152,0.959816,0.959816
719.000000,0.937152,0.929703,0.905130,0.888004,0.977580,0.984655,0.956325,0.961593,0.961593
720.000000,0.945580,0.935228,0.909602,0.892137,0.957060,0.965452,0.946769,0.956202,0.956202
721.000000,0.952649,0.936735,0.915087,0.895914,0.963492,0.969495,0.954548,0.955957,0.955957
722.000000,0.953874,0.937262,0.918683,0.898640,0.953446,0.960674,0.934763,0.935804,0.935804
723.000000,0.947283,0.938726,0.921914,0.901793,0.929250,0.936907,0.919387,0.926861,0.926861
724.000000,0.942750,0.939951,0.924824,0.904451,0.924043,0.939234,0.915283,0.938928,0.938928
725.000000,0.938940,0.942260,0.926900,0.907338,0.946830,0.958101,0.935988,0.937152,0.937152
726.000000,0.938144,0.945397,0.930395,0.910293,0.938744,0.953629,0.929066,0.951975,0.951975
727.000000,0.941611,0.947743,0.933577,0.913052,0.950689,0.961470,0.941930,0.953139,0.953139
728.000000,0.948827,0.948055,0.936067,0.916388,0.954242,0.967351,0.953262,0.962940,0.962940
729.000000,0.955908,0.949329,0.939516,0.919863,0.965758,0.980953,0.965758,0.974334,0.974334
730.000000,0.965023,0.951982,0.943605,0.923728,0.970904,0.989158,0.966799,0.982726,0.982726
731.000000,0.971541,0.954842,0.945789,0.928339,0.986953,0.993691,0.976539,0.984564,0.984564
732.000000,0.977188,0.959400,0.948331,0.932255,0.985237,0.996018,0.973966,0.981378,0.981378
733.000000,0.978352,0.963590,0.951158,0.935806,0.986217,0.999381,0.964165,0.968760,0.968760
734.000000,0.977335,0.966622,0.953286,0.938757,0.970291,0.979296,0.957979,0.969250,0.969250
735.000000,0.972643,0.968833,0.955547,0.940878,0.972619,0.975375,0.956815,0.959265,0.959265
736.000000,0.964374,0.967957,0.956677,0.942916,0.967106,0.973124,0.939969,0.943216,0.943216
737.000000,0.961164,0.969176,0.958459,0.945444,0.946585,0.969096,0.943828,0.965329,0.965329
738.000000,0.957844,0.968098,0.958077,0.946744,0.964594,0.973415,0.945789,0.952159,0.952159
739.000000,0.953838,0.965587,0.957458,0.948206,0.950199,0.952894,0.938499,0.949219,0.949219
740.000000,0.949893,0.961268,0.956625,0.949493,0.948545,0.958714,0.932741,0.939541,0.939541
741.000000,0.949391,0.956882,0.955862,0.949486,0.937887,0.952098,0.929372,0.940704,0.940704
742.000000,0.941856,0.951510,0.955455,0.949391,0.942236,0.942236,0.920184,0.927657,0.927657
743.000000,0.936576,0.947210,0.955400,0.949842,0.932067,0.942236,0.919632,0.925758,0.925758
744.000000,0.937299,0.945568,0.956095,0.950714,0.933599,0.960613,0.929311,0.952833,0.952833
745.000000,0.942162,0.946028,0.957430,0.952374,0.961531,0.968622,0.944319,0.963859,0.963859
746.000000,0.943547,0.946469,0.957213,0.953274,0.962450,0.968943,0.945360,0.947626,0.947626
747.000000,0.943240,0.942548,0.955862,0.953156,0.947749,0.954793,0.920184,0.926126,0.926126
748.000000,0.943877,0.940227,0.954162,0.952127,0.932312,0.949096,0.916693,0.928943,0.928943
749.000000,0.938793,0.938046,0.951816,0.950987,0.931516,0.940123,0.917550,0.927412,0.927412
750.000000,0.933427,0.937795,0.949531,0.950348,0.931149,0.938070,0.924533,0.937029,0.937029
751.000000,0.932104,0.937825,0.947354,0.949850,0.937764,0.945911,0.936233,0.941011,0.941011
752.000000,0.936576,0.939908,0.945709,0.950273,0.935436,0.949893,0.926799,0.948484,0.948484
753.000000,0.942150,0.943014,0.945112,0.951271,0.952221,0.959081,0.946034,0.956815,0.956815
754.000000,0.945727,0.942260,0.943914,0.951483,0.951975,0.954364,0.944564,0.945299,0.945299
755.000000,0.946217,0.939822,0.942925,0.951561,0.940398,0.952833,0.934470,0.939479,0.939479
756.000000,0.936012,0.934058,0.940263,0.949495,0.927596,0.927596,0.881011,0.889985,0.889985
757.000000,0.924790,0.930683,0.936616,0.947469,0.889372,0.900444,0.887779,0.892374,0.892374
758.000000,0.908827,0.925489,0.932858,0.944604,0.873201,0.889923,0.857887,0.876998,0.876998
759.000000,0.889972,0.917850,0.927948,0.940494,0.860092,0.869954,0.849985,0.851026,0.851026
760.000000,0.868570,0.907394,0.922594,0.935485,0.859541,0.869342,0.830873,0.832466,0.832466
761.000000,0.857801,0.896907,0.917366,0.930538,0.834548,0.843675,0.831240,0.836141,0.836141
762.000000,0.848184,0.886487,0.913198,0.925968,0.845023,0.857580,0.831057,0.844288,0.844288
763.000000,0.837525,0.873176,0.908095,0.921133,0.847351,0.851455,0.816723,0.823706,0.823706
764.000000,0.834524,0.862248,0.902254,0.916692,0.827198,0.841531,0.814916,0.836018,0.836018
765.000000,0.833090,0.850830,0.895326,0.912227,0.815130,0.826953,0.803737,0.825299,0.825299
766.000000,0.832147,0.844974,0.889516,0.908500,0.835528,0.843798,0.825299,0.831424,0.831424
767.000000,0.830775,0.839479,0.885081,0.904237,0.819173,0.846462,0.809372,0.837427,0.837427
768.000000,0.836435,0.836980,0.881234,0.900898,0.840674,0.877917,0.840674,0.852006,0.852006
769.000000,0.835063,0.834793,0.876322,0.896896,0.827320,0.839142,0.814701,0.829158,0.829158
770.000000,0.827626,0.830358,0.868876,0.891849,0.827259,0.831792,0.786034,0.788116,0.788116
771.000000,0.824502,0.828325,0.862616,0.887686,0.794242,0.817703,0.792527,0.815804,0.815804
772.000000,0.820239,0.825507,0.855997,0.883967,0.811516,0.834732,0.810781,0.816110,0.816110
773.000000,0.816086,0.826260,0.849718,0.880817,0.824380,0.839694,0.821623,0.831240,0.831240
774.000000,0.820962,0.828012,0.845130,0.877507,0.832282,0.854089,0.830812,0.853538,0.853538
775.000000,0.836484,0.832055,0.841443,0.874236,0.852312,0.868361,0.846279,0.865727,0.865727
776.000000,0.842193,0.833348,0.839161,0.870793,0.856172,0.857519,0.841531,0.844349,0.844349
777.000000,0.849960,0.835100,0.837289,0.868421,0.850475,0.856294,0.829709,0.854946,0.854946
778.000000,0.854701,0.835394,0.836187,0.865954,0.849311,0.865054,0.843492,0.854946,0.854946
779.000000,0.851320,0.836141,0.835467,0.862928,0.854273,0.863767,0.834487,0.836631,0.836631
780.000000,0.837023,0.836753,0.833556,0.858168,0.821685,0.826953,0.788239,0.794242,0.794242
781.000000,0.824747,0.833470,0.830897,0.852900,0.783706,0.790689,0.774334,0.782971,0.782971
782.000000,0.811724,0.830842,0.828175,0.847612,0.789954,0.804778,0.788484,0.789832,0.789832
783.000000,0.787614,0.821158,0.823709,0.840198,0.774518,0.787136,0.732619,0.734395,0.734395
784.000000,0.775167,0.813243,0.820628,0.834501,0.750322,0.776478,0.736263,0.774395,0.774395
785.000000,0.776956,0.806989,0.819522,0.829958,0.787198,0.808760,0.786095,0.803185,0.803185
786.000000,0.781550,0.803149,0.818248,0.827157,0.811332,0.815375,0.802511,0.805942,0.805942
787.000000,0.782371,0.797047,0.816074,0.823875,0.807841,0.811087,0.792772,0.793936,0.793936
788.000000,0.796398,0.792006,0.813700,0.821460,0.790995,0.808331,0.785054,0.804533,0.804533
789.000000,0.803871,0.789519,0.812830,0.820151,0.812557,0.822113,0.809311,0.811761,0.811761
790.000000,0.801458,0.789207,0.812980,0.818773,0.806861,0.811424,0.782175,0.791118,0.791118
791.000000,0.797464,0.789507,0.811489,0.817101,0.781868,0.788116,0.760123,0.785972,0.785972
792.000000,0.798677,0.790524,0.810683,0.815624,0.790567,0.804472,0.788055,0.800000,0.800000
793.000000,0.799424,0.797911,0.809534,0.815110,0.806064,0.818315,0.799081,0.808270,0.808270
794.000000,0.795786,0.799828,0.806536,0.813695,0.808392,0.813905,0.792343,0.793568,0.793568
795.000000,0.802658,0.802058,0.804524,0.813701,0.799081,0.828484,0.794456,0.825482,0.825482
796.000000,0.812619,0.805041,0.804095,0.813846,0.827443,0.837305,0.818683,0.835773,0.835773
797.000000,0.827136,0.812907,0.804977,0.815018,0.835590,0.874119,0.829525,0.872588,0.872588
798.000000,0.839841,0.819632,0.805819,0.815677,0.874181,0.878591,0.858560,0.871792,0.871792
799.000000,0.856098,0.825942,0.807730,0.817201,0.865850,0.882634,0.860827,0.874855,0.874855
800.000000,0.863326,0.832992,0.811100,0.819651,0.866156,0.870689,0.857825,0.861623,0.861623
801.000000,0.864625,0.838622,0.814064,0.820533,0.868178,0.868178,0.839694,0.842266,0.842266
802.000000,0.860202,0.843669,0.817096,0.821678,0.847718,0.855069,0.832227,0.850475,0.850475
803.000000,0.859969,0.849905,0.823908,0.822991,0.858254,0.875467,0.851026,0.870628,0.870628
804.000000,0.858818,0.857458,0.828643,0.823510,0.870873,0.876998,0.860888,0.869096,0.869096
805.000000,0.860570,0.861948,0.832003,0.823665,0.861256,0.877121,0.861072,0.870383,0.870383
806.000000,0.864000,0.864312,0.834677,0.824167,0.872221,0.879508,0.853905,0.859418,0.859418
807.000000,0.865972,0.863087,0.837997,0.824347,0.856478,0.864196,0.844328,0.860337,0.860337
808.000000,0.863718,0.861844,0.840738,0.824494,0.861256,0.879020,0.855865,0.859357,0.859357
809.000000,0.863032,0.860925,0.843433,0.825462,0.860521,0.874732,0.851884,0.865666,0.865666
810.000000,0.861329,0.860949,0.846971,0.827716,0.862297,0.867014,0.854089,0.861868,0.861868
811.000000,0.858352,0.861176,0.849899,0.829768,0.858254,0.858254,0.830995,0.844533,0.844533
812.000000,0.855632,0.860802,0.852236,0.831665,0.845084,0.850781,0.830812,0.846738,0.846738
813.000000,0.852729,0.858224,0.854064,0.835347,0.846738,0.850291,0.829709,0.844839,0.844839
814.000000,0.848000,0.855516,0.856487,0.837601,0.842144,0.844227,0.827933,0.842021,0.842021
815.000000,0.845011,0.853170,0.857559,0.839059,0.849617,0.865176,0.845023,0.846922,0.846922
816.000000,0.842867,0.850609,0.857461,0.839988,0.841103,0.858560,0.829464,0.833813,0.833813
817.000000,0.839620,0.847626,0.855357,0.841207,0.826034,0.835712,0.821654,0.830505,0.830505
818.000000,0.838126,0.845427,0.853636,0.842301,0.828606,0.838407,0.822297,0.837366,0.837366
819.000000,0.834279,0.841139,0.851032,0.842669,0.828913,0.832527,0.821930,0.822787,0.822787
820.000000,0.830689,0.837850,0.849400,0.843931,0.824686,0.828974,0.817458,0.828974,0.828974
821.000000,0.826352,0.834609,0.847893,0.844802,0.823522,0.834640,0.807381,0.812129,0.812129
822.000000,0.824490,0.832055,0.846429,0.845509,0.820276,0.827871,0.814028,0.821194,0.821194
823.000000,0.820594,0.829360,0.843792,0.845830,0.827198,0.834977,0.812623,0.817887,0.817887
824.000000,0.822824,0.828551,0.842034,0.847175,0.820214,0.834058,0.817764,0.833936,0.833936
825.000000,0.829317,0.830003,0.841587,0.848374,0.840551,0.864196,0.838407,0.861440,0.861440
826.000000,0.841433,0.833893,0.842251,0.849605,0.859173,0.885513,0.858806,0.872711,0.872711
827.000000,0.852067,0.838279,0.842953,0.849664,0.871853,0.878101,0.867136,0.874364,0.874364
828.000000,0.864466,0.842530,0.843979,0.849934,0.865605,0.885452,0.861103,0.879877,0.879877
829.000000,0.877636,0.850230,0.845685,0.850765,0.883430,0.899847,0.872956,0.899786,0.899786
830.000000,0.878371,0.853844,0.845847,0.850881,0.899786,0.903951,0.852190,0.865115,0.865115
831.000000,0.872980,0.857207,0.845908,0.850997,0.862328,0.873691,0.842266,0.845758,0.845758
832.000000,0.871730,0.861899,0.846977,0.851586,0.851455,0.869403,0.848943,0.868116,0.868116
833.000000,0.870297,0.867381,0.848371,0.851655,0.873997,0.877305,0.860643,0.872711,0.872711
834.000000,0.866573,0.872104,0.850328,0.852057,0.872772,0.888616,0.871975,0.881164,0.881164
835.000000,0.868962,0.873666,0.851835,0.852280,0.882083,0.888208,0.868606,0.877060,0.877060
836.000000,0.870554,0.871767,0.852830,0.852090,0.868300,0.873997,0.850597,0.853721,0.853721
837.000000,0.865789,0.868760,0.853519,0.851555,0.852190,0.855620,0.837305,0.844288,0.844288
838.000000,0.859798,0.865047,0.853789,0.851002,0.846187,0.855559,0.837489,0.842757,0.842757
839.000000,0.848404,0.857489,0.853859,0.849619,0.833323,0.833691,0.818438,0.824196,0.824196
840.000000,0.834450,0.851706,0.852775,0.847800,0.816294,0.821317,0.794426,0.807289,0.807289
841.000000,0.823853,0.847204,0.852205,0.846340,0.811761,0.815375,0.798836,0.800735,0.800735
842.000000,0.816208,0.840998,0.851449,0.844984,0.795835,0.822481,0.792374,0.806064,0.806064
843.000000,0.807804,0.833801,0.850591,0.843514,0.803859,0.813415,0.794242,0.800735,0.800735
844.000000,0.804815,0.826609,0.849357,0.842422,0.805391,0.811394,0.793446,0.809250,0.809250
845.000000,0.806518,0.820484,0.847075,0.841384,0.804778,0.825911,0.801103,0.815804,0.815804
846.000000,0.808931,0.816392,0.844080,0.840684,0.819602,0.827871,0.806292,0.812802,0.812802
847.000000,0.808331,0.812270,0.840515,0.839769,0.813844,0.824288,0.797611,0.803063,0.803063
848.000000,0.810083,0.808943,0.836995,0.838840,0.803675,0.816172,0.801531,0.809495,0.809495
849.000000,0.807314,0.806064,0.831776,0.837928,0.805452,0.811584,0.791302,0.795406,0.795406
850.000000,0.808490,0.807504,0.829605,0.837685,0.796202,0.825299,0.793078,0.821685,0.821685
851.000000,0.809250,0.809090,0.828147,0.837834,0.816233,0.824809,0.809250,0.816600,0.816600
852.000000,0.813084,0.810708,0.825853,0.837868,0.818622,0.827718,0.817274,0.822236,0.822236
853.000000,0.815351,0.812717,0.823259,0.837966,0.821011,0.825789,0.814824,0.820827,0.820827
854.000000,0.824184,0.815749,0.821179,0.838154,0.825789,0.842573,0.820643,0.839571,0.839571
855.000000,0.829856,0.819173,0.819828,0.837774,0.840980,0.851271,0.839220,0.850046,0.850046
856.000000,0.833421,0.821335,0.818864,0.836498,0.849740,0.849740,0.834242,0.834426,0.834426
857.000000,0.837280,0.825182,0.818726,0.835404,0.836202,0.842787,0.829219,0.841531,0.841531
858.000000,0.838505,0.826928,0.817936,0.833640,0.829464,0.833568,0.823093,0.826953,0.826953
859.000000,0.836214,0.830199,0.818132,0.831251,0.822542,0.829770,0.806738,0.828116,0.828116
860.000000,0.831485,0.830671,0.819087,0.829960,0.823828,0.827749,0.814395,0.826401,0.826401
861.000000,0.827810,0.830616,0.819853,0.828970,0.815988,0.819510,0.787688,0.816049,0.816049
862.000000,0.824135,0.830708,0.820708,0.827471,0.817642,0.830015,0.816110,0.823155,0.823155
863.000000,0.822285,0.830395,0.821556,0.825638,0.824319,0.828484,0.814763,0.817703,0.817703
864.000000,0.821305,0.828760,0.822254,0.823706,0.815804,0.824931,0.811516,0.823216,0.823216
865.000000,0.818156,0.824821,0.821997,0.821493,0.816784,0.823155,0.802205,0.810658,0.810658
866.000000,0.815743,0.821776,0.821556,0.819835,0.801960,0.807718,0.794303,0.803982,0.803982
867.000000,0.809139,0.816637,0.820910,0.818030,0.797305,0.807105,0.787933,0.790138,0.790138
868.000000,0.799534,0.810910,0.818919,0.815594,0.788729,0.792649,0.763859,0.769678,0.769678
869.000000,0.789391,0.805348,0.817773,0.813870,0.773231,0.787626,0.769678,0.772496,0.772496
870.000000,0.779945,0.799051,0.814861,0.812408,0.767351,0.768453,0.758040,0.763430,0.763430
871.000000,0.771994,0.793868,0.812242,0.811191,0.764165,0.769433,0.758744,0.764227,0.764227
872.000000,0.768270,0.788704,0.809706,0.810040,0.776907,0.791057,0.769403,0.771516,0.771516
873.000000,0.771075,0.785305,0.807850,0.809472,0.786708,0.788913,0.775626,0.783706,0.783706
874.000000,0.774052,0.781721,0.805240,0.808743,0.786891,0.797856,0.784074,0.787381,0.787381
875.000000,0.782383,0.781164,0.802992,0.808386,0.796692,0.810720,0.794364,0.805084,0.805084
876.000000,0.779602,0.775798,0.798787,0.806303,0.762940,0.776539,0.749893,0.750322,0.750322
877.000000,0.766175,0.767222,0.791930,0.803014,0.738744,0.739969,0.700521,0.704380,0.704380
878.000000,0.758383,0.764729,0.787819,0.800856,0.729005,0.747749,0.721715,0.744747,0.744747
879.000000,0.751596,0.762824,0.784086,0.799457,0.745544,0.757060,0.740525,0.753446,0.753446
880.000000,0.743620,0.763002,0.781026,0.797574,0.752833,0.765268,0.747320,0.765207,0.765207
881.000000,0.744637,0.762119,0.777994,0.795534,0.759204,0.764165,0.752037,0.755406,0.755406
882.000000,0.751461,0.758818,0.773761,0.792743,0.745666,0.750873,0.732741,0.738499,0.738499
883.000000,0.752490,0.755436,0.770371,0.790379,0.733599,0.751608,0.730720,0.749893,0.749893
884.000000,0.753764,0.752680,0.767201,0.787720,0.753078,0.766799,0.753078,0.759816,0.759816
885.000000,0.755136,0.749378,0.765271,0.785121,0.772312,0.780949,0.769923,0.772067,0.772067
886.000000,0.760012,0.752325,0.764061,0.783300,0.777397,0.785727,0.776508,0.779786,0.779786
887.000000,0.771014,0.761237,0.764230,0.781699,0.787136,0.800796,0.787136,0.793507,0.793507
888.000000,0.778401,0.765446,0.765087,0.780361,0.788974,0.795620,0.783645,0.786830,0.786830
889.000000,0.786536,0.770150,0.766487,0.779441,0.799632,0.807351,0.797121,0.800490,0.800490
890.000000,0.791890,0.773513,0.768257,0.778522,0.804472,0.808576,0.797795,0.798836,0.798836
891.000000,0.794107,0.777060,0.769590,0.777682,0.802389,0.802389,0.787933,0.790873,0.790873
892.000000,0.794609,0.782812,0.770815,0.776778,0.786034,0.797060,0.783583,0.796018,0.796018
893.000000,0.789207,0.783804,0.769620,0.774848,0.760184,0.764717,0.730413,0.759816,0.759816
894.000000,0.779761,0.783149,0.767914,0.772517,0.754303,0.760796,0.747381,0.753262,0.753262
895.000000,0.771994,0.781942,0.765660,0.770828,0.751792,0.763308,0.747320,0.760000,0.760000
896.000000,0.764006,0.779057,0.765691,0.769060,0.756447,0.759632,0.748851,0.750934,0.750934
897.000000,0.754904,0.774757,0.767997,0.767739,0.750138,0.758407,0.749648,0.750505,0.750505
898.000000,0.751608,0.770407,0.767926,0.766861,0.752098,0.757305,0.742297,0.743338,0.743338
899.000000,0.748925,0.764343,0.767247,0.765772,0.743400,0.745176,0.735926,0.739847,0.739847
900.000000,0.744233,0.758113,0.765813,0.764876,0.738867,0.744196,0.736355,0.736539,0.736539
901.000000,0.740557,0.752282,0.764671,0.763820,0.738377,0.744012,0.727779,0.732557,0.732557
902.000000,0.734995,0.744949,0.763881,0.762193,0.732006,0.737029,0.721715,0.722695,0.722695
903.000000,0.733145,0.742377,0.763090,0.760539,0.723737,0.734518,0.723737,0.734089,0.734089
904.000000,0.731577,0.740251,0.761700,0.758693,0.731394,0.739173,0.728361,0.732006,0.732006
905.000000,0.736343,0.740288,0.761115,0.757203,0.739357,0.761041,0.732374,0.760368,0.760368
906.000000,0.737531,0.739044,0.759051,0.756809,0.763185,0.765268,0.738009,0.738499,0.738499
907.000000,0.740386,0.737691,0.756224,0.757895,0.737152,0.744012,0.735559,0.736968,0.736968
908.000000,0.738389,0.735767,0.753087,0.757207,0.734763,0.734763,0.723798,0.724104,0.724104
909.000000,0.736784,0.734181,0.749262,0.756225,0.729127,0.731516,0.722205,0.723982,0.723982
910.000000,0.728784,0.732564,0.745338,0.754730,0.719387,0.723737,0.715712,0.720368,0.720368
911.000000,0.726934,0.732233,0.742257,0.753858,0.723675,0.732496,0.722266,0.729250,0.729250
912.000000,0.723541,0.731963,0.738456,0.753241,0.726861,0.728637,0.719632,0.720000,0.720000
913.000000,0.722438,0.730413,0.736395,0.752198,0.716815,0.719694,0.713629,0.718591,0.718591
914.000000,0.721433,0.729109,0.734680,0.750836,0.717672,0.722083,0.715865,0.718959,0.718959
915.000000,0.721066,0.724925,0.732606,0.749052,0.715406,0.719694,0.713752,0.718530,0.718530
916.000000,0.719057,0.722995,0.731020,0.747032,0.718775,0.719939,0.713384,0.719204,0.719204
917.000000,0.718616,0.721078,0.729384,0.744508,0.723614,0.725084,0.716570,0.717795,0.717795
918.000000,0.719277,0.720858,0.728312,0.742344,0.719020,0.724894,0.716877,0.721899,0.721899
919.000000,0.720649,0.721041,0.727611,0.739855,0.719449,0.726432,0.718224,0.725819,0.725819
920.000000,0.723369,0.722217,0.727391,0.737631,0.725942,0.734456,0.724594,0.732129,0.732129
921.000000,0.727400,0.723228,0.727730,0.735914,0.732741,0.742726,0.732129,0.739357,0.739357
922.000000,0.732827,0.725721,0.728842,0.734211,0.741991,0.748496,0.739051,0.744931,0.744931
923.000000,0.737923,0.728600,0.729507,0.733797,0.746095,0.752343,0.735130,0.747381,0.747381
924.000000,0.740802,0.730726,0.729917,0.733362,0.750995,0.752864,0.733415,0.740214,0.740214
925.000000,0.743951,0.733660,0.729292,0.732958,0.739969,0.754965,0.734701,0.747871,0.747871
926.000000,0.741587,0.734493,0.728744,0.732178,0.749096,0.749096,0.725575,0.727534,0.727534
927.000000,0.739198,0.736012,0.728545,0.731594,0.723369,0.733721,0.723063,0.732986,0.732986
928.000000,0.735240,0.736582,0.728720,0.731069,0.732251,0.734395,0.725942,0.727596,0.727596
929.000000,0.732251,0.736527,0.728784,0.730583,0.725329,0.729556,0.721164,0.725268,0.725268
930.000000,0.727902,0.735926,0.729072,0.730236,0.721654,0.729617,0.715528,0.726126,0.726126
931.000000,0.726750,0.734168,0.728698,0.729876,0.717427,0.726524,0.712037,0.721776,0.721776
932.000000,0.722315,0.730757,0.728239,0.729480,0.722634,0.726799,0.709709,0.710812,0.710812
933.000000,0.718567,0.726904,0.727752,0.728639,0.708116,0.718040,0.707565,0.708851,0.708851
934.000000,0.715369,0.723810,0.727268,0.727882,0.704809,0.711485,0.700337,0.709280,0.709280
935.000000,0.712074,0.719988,0.726824,0.726191,0.713078,0.716876,0.703338,0.709648,0.709648
936.000000,0.708508,0.717629,0.726061,0.725039,0.712221,0.716631,0.702971,0.703951,0.703951
937.000000,0.707234,0.714775,0.725394,0.723955,0.708545,0.710015,0.699296,0.704441,0.704441
938.000000,0.707406,0.712986,0.724784,0.723475,0.704870,0.711669,0.702971,0.709709,0.709709
939.000000,0.707945,0.711657,0.724092,0.723075,0.703645,0.718407,0.703645,0.711975,0.711975
940.000000,0.706683,0.709378,0.722652,0.722507,0.706585,0.710934,0.701378,0.703338,0.703338
941.000000,0.707957,0.708233,0.721201,0.721876,0.702052,0.713507,0.698377,0.710322,0.710322
942.000000,0.712968,0.710101,0.720429,0.722193,0.721838,0.730046,0.716524,0.729495,0.729495
943.000000,0.714695,0.711051,0.718977,0.722185,0.730658,0.733476,0.716876,0.718346,0.718346
944.000000,0.717415,0.712680,0.718245,0.722405,0.720735,0.730904,0.716998,0.725574,0.725574
945.000000,0.720539,0.713611,0.716799,0.722420,0.718836,0.725881,0.716753,0.718959,0.718959
946.000000,0.725060,0.716508,0.717069,0.722877,0.719877,0.737703,0.719877,0.732925,0.732925
947.000000,0.729433,0.721201,0.717988,0.723996,0.736662,0.757427,0.734824,0.751363,0.751363
948.000000,0.735583,0.725139,0.719063,0.724903,0.752466,0.757121,0.747320,0.749096,0.749096
949.000000,0.741550,0.729482,0.720570,0.725889,0.748851,0.756263,0.743951,0.755406,0.755406
950.000000,0.748153,0.734346,0.721862,0.726550,0.761409,0.764389,0.750199,0.751975,0.751975
951.000000,0.749758,0.737409,0.722821,0.726603,0.751914,0.755896,0.737090,0.740949,0.740949
952.000000,0.747026,0.738230,0.724165,0.726362,0.741194,0.744870,0.736907,0.737703,0.737703
953.000000,0.741023,0.738303,0.724677,0.725419,0.733109,0.734395,0.708790,0.719081,0.719081
954.000000,0.733709,0.737629,0.725155,0.724706,0.729495,0.733415,0.714364,0.718836,0.718836
955.000000,0.724815,0.736484,0.725047,0.723361,0.718224,0.726983,0.705421,0.707504,0.707504
956.000000,0.718126,0.733942,0.725225,0.722693,0.713936,0.716508,0.704441,0.707504,0.707504
957.000000,0.717133,0.732080,0.726640,0.722685,0.711057,0.734456,0.709525,0.732741,0.732741
958.000000,0.716227,0.728625,0.726882,0.722250,0.698315,0.723002,0.695436,0.714548,0.714548
959.000000,0.715504,0.724606,0.727044,0.721915,0.704441,0.716692,0.700092,0.715222,0.715222
960.000000,0.719461,0.722138,0.728242,0.721954,0.721225,0.729188,0.718285,0.727289,0.727289
961.000000,0.720355,0.719240,0.728325,0.721627,0.727596,0.732067,0.710260,0.711975,0.711975
962.000000,0.717292,0.717213,0.727721,0.721848,0.713262,0.721102,0.710628,0.717427,0.717427
963.000000,0.720123,0.718175,0.728239,0.722509,0.723002,0.731087,0.720276,0.728698,0.728698
964.000000,0.721985,0.718744,0.728187,0.723018,0.729127,0.729311,0.720735,0.724533,0.724533
965.000000,0.724227,0.721844,0.729164,0.723980,0.727289,0.739296,0.723430,0.738499,0.738499
966.000000,0.730426,0.725391,0.729666,0.725280,0.739786,0.746401,0.733047,0.742971,0.742971
967.000000,0.732998,0.725145,0.728613,0.726142,0.738009,0.742910,0.729923,0.730291,0.730291
968.000000,0.734567,0.727345,0.727985,0.727036,0.731639,0.742848,0.731394,0.736539,0.736539
969.000000,0.737262,0.729623,0.727115,0.727904,0.736907,0.751057,0.734518,0.738009,0.738009
970.000000,0.741207,0.732717,0.727427,0.729734,0.763185,0.764594,0.748790,0.758224,0.758224
971.000000,0.742113,0.736270,0.727755,0.730973,0.753446,0.761103,0.736056,0.747504,0.747504
972.000000,0.756557,0.744778,0.730995,0.733407,0.753201,0.803920,0.751914,0.802511,0.802511
973.000000,0.780018,0.757292,0.737734,0.737923,0.814763,0.869832,0.814763,0.853844,0.853844
974.000000,0.806689,0.771975,0.745360,0.742783,0.851639,0.875651,0.845513,0.871363,0.871363
975.000000,0.836557,0.788882,0.755363,0.749070,0.864625,0.918469,0.864625,0.907565,0.907565
976.000000,0.868398,0.805256,0.765323,0.754863,0.904625,0.910383,0.884104,0.906708,0.906708
977.000000,0.888012,0.822285,0.773715,0.759837,0.901685,0.906279,0.890291,0.900582,0.900582
978.000000,0.899479,0.839749,0.783547,0.765239,0.898928,0.913936,0.898928,0.911179,0.911179
979.000000,0.908178,0.857433,0.793528,0.770554,0.909403,0.918285,0.905666,0.914855,0.914855
980.000000,0.910052,0.873305,0.803011,0.776053,0.917305,0.920521,0.908606,0.916937,0.916937
981.000000,0.912453,0.890426,0.813348,0.781979,0.917489,0.921286,0.909648,0.918714,0.918714
982.000000,0.916533,0.902273,0.823525,0.788088,0.923859,0.926861,0.914181,0.920980,0.920980
983.000000,0.918322,0.908900,0.833096,0.794789,0.920306,0.924649,0.914534,0.920123,0.920123
984.000000,0.917501,0.912839,0.842407,0.801186,0.913997,0.924257,0.905544,0.910750,0.910750
985.000000,0.917280,0.913666,0.851274,0.808131,0.914732,0.920704,0.909403,0.915835,0.915835
986.000000,0.917194,0.914824,0.860040,0.815157,0.927473,0.931332,0.917366,0.918285,0.918285
987.000000,0.922242,0.919387,0.870836,0.822273,0.928515,0.947014,0.921715,0.946217,0.946217
988.000000,0.922744,0.920533,0.880141,0.829209,0.942113,0.944809,0.915590,0.922634,0.922634
989.000000,0.925893,0.921697,0.889565,0.836251,0.927718,0.939724,0.921041,0.926493,0.926493
990.000000,0.929776,0.923528,0.898417,0.843183,0.934885,0.942910,0.926187,0.935253,0.935253
991.000000,0.935008,0.926101,0.908263,0.850932,0.931761,0.944992,0.930168,0.944441,0.944441
992.000000,0.936894,0.929568,0.915920,0.858873,0.951669,0.964533,0.945421,0.955651,0.955651
993.000000,0.942224,0.932484,0.920692,0.866226,0.961348,0.961348,0.945605,0.949280,0.949280
994.000000,0.942383,0.934138,0.923489,0.872984,0.943461,0.951884,0.919204,0.927289,0.927289
995.000000,0.940006,0.934891,0.924279,0.879147,0.933170,0.936355,0.915038,0.923369,0.923369
996.000000,0.931700,0.933354,0.924089,0.884478,0.914364,0.919816,0.898806,0.902910,0.902910
997.000000,0.923075,0.929985,0.924686,0.890552,0.910383,0.916570,0.898438,0.912527,0.912527
998.000000,0.911718,0.926971,0.923752,0.895751,0.911669,0.918714,0.889678,0.892496,0.892496
999.000000,0.905948,0.924165,0.922931,0.901099,0.888025,0.899663,0.882695,0.898438,0.898438
1000.000000,0.905152,0.922579,0.923054,0.906471,0.903093,0.919755,0.895498,0.919387,0.919387
1001.000000,0.906340,0.919020,0.922560,0.911849,0.920613,0.920613,0.908729,0.908851,0.908851
1002.000000,0.907933,0.915504,0.922536,0.915782,0.908055,0.920674,0.901979,0.920490,0.920490
1003.000000,0.913629,0.912674,0.922579,0.918019,0.921286,0.923247,0.914609,0.920980,0.920980
1004.000000,0.919338,0.912643,0.923391,0.919873,0.925329,0.928882,0.914885,0.926983,0.926983
1005.000000,0.918738,0.911945,0.923418,0.920167,0.927044,0.930904,0.911669,0.916386,0.916386
1006.000000,0.919951,0.913145,0.923250,0.920441,0.917550,0.921685,0.906957,0.914916,0.914916
1007.000000,0.919865,0.913899,0.921942,0.921090,0.917489,0.926064,0.916753,0.920061,0.920061
1008.000000,0.918052,0.915841,0.921406,0.921115,0.932680,0.945544,0.907351,0.911914,0.911914
1009.000000,0.919277,0.919308,0.921737,0.921723,0.914916,0.935436,0.913446,0.933109,0.933109
1010.000000,0.919706,0.919222,0.920900,0.921776,0.933047,0.937703,0.910322,0.918530,0.918530
1011.000000,0.921103,0.920527,0.919773,0.921883,0.926248,0.933415,0.920000,0.921899,0.921899
1012.000000,0.920870,0.920368,0.917936,0.921813,0.917672,0.923308,0.907075,0.918897,0.918897
1013.000000,0.923712,0.920882,0.916778,0.922013,0.919020,0.933047,0.917734,0.926126,0.926126
1014.000000,0.925317,0.922297,0.917470,0.923026,0.926003,0.945544,0.919081,0.941133,0.941133
1015.000000,0.926383,0.923044,0.917495,0.923294,0.936723,0.946983,0.916263,0.923859,0.923859
1016.000000,0.929090,0.925096,0.919121,0.923865,0.930291,0.954609,0.930291,0.935436,0.935436
1017.000000,0.927289,0.924080,0.918989,0.922654,0.921899,0.925023,0.900582,0.909893,0.909893
1018.000000,0.926334,0.925023,0.920432,0.922612,0.912956,0.931338,0.905911,0.921348,0.921348
1019.000000,0.923063,0.924190,0.921749,0.922554,0.931884,0.934303,0.909280,0.924778,0.924778
1020.000000,0.927510,0.926946,0.923084,0.922916,0.930965,0.953936,0.930965,0.946095,0.946095
1021.000000,0.928968,0.929029,0.924778,0.922859,0.939541,0.947320,0.929801,0.942726,0.942726
1022.000000,0.939761,0.933525,0.926946,0.923132,0.948178,0.968453,0.944319,0.963859,0.963859
1023.000000,0.953311,0.939822,0.930352,0.924459,0.972925,0.990138,0.968760,0.989096,0.989096
1024.000000,0.968355,0.945709,0.934003,0.926883,0.986156,1.006003,0.986156,1.000000,1.000000
1025.000000,0.975669,0.951590,0.937317,0.928860,0.997305,0.998775,0.980582,0.982665,0.982665
1026.000000,0.979822,0.954395,0.939746,0.930879,0.975314,0.975314,0.952098,0.963492,0.963492
1027.000000,0.980031,0.959896,0.941988,0.932625,0.959020,0.970107,0.951975,0.964900,0.964900
1028.000000,0.973391,0.963351,0.944187,0.934738,0.976110,0.978254,0.954364,0.955896,0.955896
1029.000000,0.962058,0.965207,0.944698,0.936235,0.949096,0.953874,0.936478,0.943338,0.943338
1030.000000,0.958554,0.967112,0.947029,0.937760,0.958652,0.970597,0.950352,0.965145,0.965145
1031.000000,0.957930,0.968876,0.948953,0.939477,0.959694,0.970781,0.958469,0.960368,0.960368
1032.000000,0.955553,0.967792,0.950658,0.940562,0.961960,0.965145,0.950015,0.953017,0.953017
1033.000000,0.953090,0.963240,0.951531,0.941315,0.950138,0.959326,0.932435,0.943583,0.943583
1034.000000,0.956680,0.959369,0.952539,0.942458,0.950383,0.963951,0.946187,0.961286,0.961286
1035.000000,0.955761,0.957158,0.954374,0.943931,0.965697,0.968545,0.950812,0.960551,0.960551
1036.000000,0.956680,0.957305,0.955850,0.945599,0.967718,0.979663,0.963430,0.964962,0.964962
1037.000000,0.961862,0.958708,0.959302,0.947561,0.966309,0.983338,0.960306,0.978928,0.978928
1038.000000,0.969090,0.961090,0.962221,0.949821,0.980704,0.984074,0.965080,0.979724,0.979724
1039.000000,0.974040,0.965360,0.965283,0.951586,0.980766,0.987259,0.973813,0.986034,0.986034
1040.000000,0.977090,0.966426,0.966769,0.953495,0.977580,0.977580,0.958897,0.975804,0.975804
1041.000000,0.980325,0.968502,0.968689,0.955469,0.985972,0.989372,0.971761,0.981133,0.981133
1042.000000,0.979982,0.970922,0.969357,0.957413,0.979173,0.984625,0.975375,0.977213,0.977213
1043.000000,0.978230,0.973660,0.968450,0.958908,0.977458,0.983032,0.958101,0.970965,0.970965
1044.000000,0.973268,0.973654,0.966511,0.959577,0.959632,0.965176,0.951577,0.961225,0.961225
1045.000000,0.973096,0.975093,0.966126,0.961280,0.962266,0.975314,0.955651,0.974946,0.974946
1046.000000,0.969838,0.975081,0.966193,0.962260,0.972619,0.972619,0.956937,0.964839,0.964839
1047.000000,0.973746,0.976864,0.967786,0.965156,0.986156,1.004472,0.983706,0.996753,0.996753
1048.000000,0.974897,0.976564,0.968827,0.967002,1.002757,1.003308,0.974885,0.976723,0.976723
1049.000000,0.981415,0.977342,0.971351,0.969303,0.980153,0.996937,0.978989,0.993813,0.993813
1050.000000,0.983694,0.978395,0.972410,0.970644,0.983890,0.991485,0.977121,0.986340,0.986340
1051.000000,0.987345,0.978591,0.973547,0.971990,0.987443,0.989280,0.976417,0.983093,0.983093
1052.000000,0.981856,0.977801,0.974361,0.972172,0.991179,0.995957,0.968270,0.969311,0.969311
1053.000000,0.982015,0.978456,0.976058,0.971786,0.969433,0.984870,0.969433,0.977519,0.977519
1054.000000,0.977678,0.979547,0.976600,0.970857,0.979786,0.979847,0.956325,0.972129,0.972129
1055.000000,0.973917,0.978806,0.976949,0.970352,0.972129,0.977580,0.965268,0.967534,0.967534
1056.000000,0.970144,0.978744,0.976913,0.970377,0.960674,0.965942,0.952956,0.964227,0.964227
1057.000000,0.966922,0.974389,0.975626,0.969987,0.968637,0.969005,0.949342,0.953201,0.953201
1058.000000,0.962034,0.972025,0.974294,0.969893,0.955896,0.959632,0.939908,0.953078,0.953078
1059.000000,0.957047,0.967363,0.972352,0.970021,0.953323,0.953568,0.938989,0.947198,0.947198
1060.000000,0.951130,0.962524,0.970459,0.969115,0.947688,0.960796,0.937642,0.937948,0.937948
1061.000000,0.938070,0.954107,0.966349,0.967067,0.944809,0.944809,0.887596,0.898928,0.898928
1062.000000,0.925415,0.946168,0.961985,0.964964,0.893170,0.899969,0.877672,0.889923,0.889923
1063.000000,0.911914,0.936974,0.957715,0.963030,0.887779,0.897825,0.883124,0.885574,0.885574
1064.000000,0.899798,0.928423,0.953985,0.960541,0.888025,0.896968,0.880061,0.886616,0.886616
1065.000000,0.888012,0.919571,0.949188,0.957823,0.867443,0.880858,0.849617,0.879020,0.879020
1066.000000,0.886346,0.912208,0.945476,0.955345,0.877672,0.896600,0.875957,0.890597,0.890597
1067.000000,0.887326,0.906371,0.940380,0.952541,0.888698,0.898499,0.885421,0.894824,0.894824
1068.000000,0.893807,0.902861,0.937443,0.950483,0.897703,0.922021,0.896080,0.917979,0.917979
1069.000000,0.898279,0.899038,0.933201,0.947914,0.915406,0.929495,0.905544,0.908974,0.908974
1070.000000,0.902836,0.895424,0.928974,0.945448,0.912649,0.912711,0.890168,0.901807,0.901807
1071.000000,0.903608,0.894977,0.924542,0.942558,0.898315,0.907871,0.890107,0.894456,0.894456
1072.000000,0.899479,0.893403,0.919786,0.939124,0.903522,0.904809,0.869955,0.874181,0.874181
1073.000000,0.890757,0.892282,0.914628,0.935904,0.870015,0.885758,0.864502,0.874364,0.874364
1074.000000,0.882230,0.890254,0.909338,0.932741,0.867688,0.874916,0.860214,0.866340,0.866340
1075.000000,0.874426,0.888631,0.904101,0.929003,0.868668,0.873446,0.855988,0.862787,0.862787
1076.000000,0.869893,0.886750,0.899479,0.925901,0.859479,0.872037,0.851577,0.871792,0.871792
1077.000000,0.867051,0.883265,0.894818,0.921342,0.873078,0.873262,0.856110,0.859969,0.859969
1078.000000,0.859430,0.875093,0.888977,0.916660,0.856845,0.869804,0.836141,0.836263,0.836263
1079.000000,0.855534,0.868882,0.883960,0.911761,0.837243,0.847902,0.828361,0.846861,0.846861
1080.000000,0.853182,0.863804,0.879614,0.907251,0.843308,0.854273,0.835712,0.851026,0.851026
1081.000000,0.849286,0.859590,0.877283,0.902891,0.856907,0.878162,0.840429,0.852312,0.852312
1082.000000,0.848747,0.857899,0.875651,0.899157,0.856600,0.862910,0.850842,0.857274,0.857274
1083.000000,0.853121,0.856276,0.874279,0.895177,0.857152,0.863262,0.852496,0.858132,0.858132
1084.000000,0.857360,0.856447,0.873351,0.891708,0.882083,0.885574,0.866983,0.868055,0.868055
1085.000000,0.860472,0.856827,0.872729,0.888343,0.874732,0.877090,0.865237,0.866585,0.866585
1086.000000,0.863436,0.856361,0.871556,0.885107,0.865972,0.874364,0.865972,0.867136,0.867136
1087.000000,0.863779,0.856263,0.869764,0.881966,0.871118,0.877090,0.856907,0.858989,0.858989
1088.000000,0.861770,0.857446,0.866270,0.878467,0.861194,0.863093,0.846922,0.848086,0.848086
1089.000000,0.859173,0.858266,0.863574,0.875396,0.854579,0.860337,0.846095,0.855069,0.855069
1090.000000,0.854322,0.857397,0.860600,0.872208,0.855008,0.859173,0.840980,0.842328,0.842328
1091.000000,0.848735,0.856086,0.857838,0.870217,0.838040,0.844655,0.832649,0.839204,0.839204
1092.000000,0.845378,0.854579,0.856239,0.868627,0.845084,0.850303,0.839142,0.842205,0.842205
1093.000000,0.843577,0.852674,0.854475,0.867077,0.845636,0.845636,0.833874,0.839081,0.839081
1094.000000,0.840711,0.849942,0.853194,0.865548,0.840123,0.844655,0.835038,0.840735,0.840735
1095.000000,0.839351,0.846836,0.851832,0.864098,0.843369,0.845329,0.829342,0.835528,0.835528
1096.000000,0.843149,0.845942,0.851152,0.863018,0.833201,0.859786,0.831363,0.858193,0.858193
1097.000000,0.845243,0.845311,0.850787,0.861613,0.855681,0.863093,0.839326,0.852680,0.852680
1098.000000,0.850634,0.847106,0.852276,0.859882,0.847657,0.866524,0.840613,0.866034,0.866034
1099.000000,0.856747,0.848729,0.853498,0.858626,0.868239,0.883136,0.868116,0.871302,0.871302
1100.000000,0.864012,0.851681,0.854539,0.857627,0.870750,0.874671,0.862297,0.871853,0.871853
1101.000000,0.861256,0.852202,0.854144,0.855959,0.854395,0.859908,0.837121,0.844410,0.844410
1102.000000,0.861329,0.853286,0.853933,0.855255,0.842573,0.860276,0.842573,0.853047,0.853047
1103.000000,0.858744,0.854689,0.853681,0.854546,0.853292,0.864747,0.830199,0.853109,0.853109
1104.000000,0.856368,0.856557,0.853250,0.854315,0.857213,0.862358,0.849862,0.859418,0.859418
1105.000000,0.854493,0.859253,0.853044,0.854305,0.860888,0.868469,0.852864,0.862481,0.862481
1106.000000,0.860729,0.860992,0.853467,0.854432,0.874487,0.880245,0.858208,0.875590,0.875590
1107.000000,0.867283,0.864306,0.854809,0.855294,0.881286,0.891455,0.879142,0.885819,0.885819
1108.000000,0.874524,0.866634,0.856870,0.857062,0.886432,0.893844,0.882726,0.889311,0.889311
1109.000000,0.878959,0.867663,0.858196,0.858219,0.884717,0.888208,0.876998,0.881593,0.881593
1110.000000,0.881678,0.868086,0.859884,0.859055,0.882695,0.885115,0.868545,0.876080,0.876080
1111.000000,0.885648,0.873188,0.862695,0.860492,0.881409,0.896294,0.871057,0.895436,0.895436
1112.000000,0.886028,0.876655,0.864971,0.861507,0.886738,0.894824,0.881531,0.887718,0.887718
1113.000000,0.886444,0.880484,0.867587,0.862616,0.892312,0.901868,0.885819,0.891394,0.891394
1114.000000,0.885121,0.882040,0.869299,0.862846,0.884778,0.892343,0.870750,0.874977,0.874977
1115.000000,0.886138,0.883908,0.871580,0.863332,0.875957,0.883859,0.869893,0.881164,0.881164
1116.000000,0.887412,0.886530,0.873761,0.864488,0.880061,0.915528,0.865911,0.901807,0.901807
1117.000000,0.896931,0.891479,0.877893,0.867032,0.909587,0.936784,0.909587,0.935314,0.935314
1118.000000,0.906046,0.896245,0.881440,0.869995,0.934518,0.957856,0.932312,0.936968,0.936968
1119.000000,0.918248,0.901685,0.884674,0.872692,0.940704,0.949218,0.929127,0.935988,0.935988
1120.000000,0.927240,0.906689,0.887387,0.875485,0.929556,0.929556,0.908729,0.926126,0.926126
1121.000000,0.926028,0.906720,0.889954,0.877370,0.920613,0.920858,0.893832,0.895743,0.895743
1122.000000,0.915467,0.906199,0.891427,0.878714,0.893966,0.896417,0.875161,0.882511,0.882511
1123.000000,0.902187,0.904116,0.892300,0.879763,0.883920,0.889678,0.866646,0.870567,0.870567
1124.000000,0.886616,0.902432,0.892236,0.880343,0.870505,0.872772,0.856723,0.858132,0.858132
1125.000000,0.869109,0.898175,0.891041,0.880445,0.859541,0.860092,0.837305,0.838591,0.838591
1126.000000,0.857409,0.891718,0.889124,0.879747,0.840061,0.840982,0.827014,0.837243,0.837243
1127.000000,0.847596,0.881531,0.886505,0.879106,0.842634,0.847106,0.830444,0.833446,0.833446
1128.000000,0.841274,0.871730,0.883988,0.878203,0.834855,0.847106,0.832037,0.838959,0.838959
1129.000000,0.840098,0.863357,0.882521,0.877568,0.842328,0.861194,0.838469,0.852251,0.852251
1130.000000,0.845966,0.857538,0.882113,0.877437,0.860766,0.875835,0.860337,0.867933,0.867933
1131.000000,0.855020,0.856214,0.881467,0.878708,0.886371,0.896294,0.873201,0.882511,0.882511
1132.000000,0.864172,0.855884,0.881041,0.879579,0.886248,0.889342,0.872956,0.879204,0.879204
1133.000000,0.874107,0.857691,0.880904,0.880764,0.882573,0.899234,0.877672,0.888637,0.888637
1134.000000,0.879792,0.859945,0.881188,0.881472,0.888392,0.891271,0.871363,0.880674,0.880674
1135.000000,0.880233,0.863100,0.880637,0.881727,0.878714,0.885329,0.866830,0.870138,0.870138
1136.000000,0.877574,0.866297,0.879008,0.881515,0.871608,0.876815,0.859541,0.869219,0.869219
1137.000000,0.875259,0.869715,0.875623,0.880909,0.867381,0.876631,0.860643,0.867626,0.867626
1138.000000,0.870456,0.872282,0.872006,0.880086,0.865299,0.871424,0.861868,0.864625,0.864625
1139.000000,0.864515,0.872153,0.867755,0.879065,0.861256,0.863890,0.847718,0.850965,0.850965
1140.000000,0.861538,0.870885,0.864211,0.878371,0.852312,0.861562,0.847963,0.855253,0.855253
1141.000000,0.858634,0.868104,0.862159,0.877013,0.846861,0.859173,0.839142,0.854701,0.854701
1142.000000,0.856086,0.865672,0.860778,0.875918,0.855008,0.860214,0.849005,0.854885,0.854885
1143.000000,0.852680,0.861568,0.859629,0.874458,0.852190,0.863522,0.839204,0.847596,0.847596
1144.000000,0.848711,0.856613,0.858279,0.872996,0.843859,0.843859,0.810107,0.831118,0.831118
1145.000000,0.841911,0.851724,0.857412,0.870999,0.829464,0.835138,0.816539,0.821256,0.821256
1146.000000,0.832625,0.845629,0.855963,0.867882,0.819296,0.823338,0.806064,0.808270,0.808270
1147.000000,0.826181,0.841133,0.855424,0.864127,0.807657,0.823400,0.807657,0.822665,0.822665
1148.000000,0.825372,0.839026,0.855654,0.861013,0.845452,0.852588,0.835221,0.843553,0.843553
1149.000000,0.825421,0.837066,0.854609,0.857525,0.843982,0.843982,0.826830,0.831363,0.831363
1150.000000,0.828778,0.835345,0.853115,0.854589,0.832159,0.840796,0.825972,0.838040,0.838040
1151.000000,0.834389,0.833507,0.850806,0.852608,0.839204,0.840184,0.831179,0.836325,0.836325
1152.000000,0.839632,0.832907,0.849289,0.851487,0.836080,0.851516,0.835957,0.848882,0.848882
1153.000000,0.841372,0.833372,0.847470,0.850877,0.853783,0.857519,0.847779,0.852251,0.852251
1154.000000,0.844349,0.834885,0.845749,0.850481,0.856110,0.856110,0.843400,0.846248,0.846248
1155.000000,0.843443,0.836110,0.843917,0.850311,0.844472,0.850352,0.832833,0.833507,0.833507
1156.000000,0.843369,0.838879,0.842254,0.850269,0.842450,0.844227,0.829066,0.835957,0.835957
1157.000000,0.840159,0.839896,0.840515,0.850248,0.838714,0.843614,0.830260,0.832833,0.832833
1158.000000,0.836202,0.838787,0.838907,0.850032,0.830077,0.841593,0.827933,0.832466,0.832466
1159.000000,0.830701,0.837525,0.837296,0.848915,0.826095,0.827749,0.814150,0.818744,0.818744
1160.000000,0.822077,0.832760,0.834052,0.846330,0.811149,0.818132,0.789433,0.790383,0.790383
1161.000000,0.812276,0.827822,0.830665,0.843144,0.789709,0.796876,0.781991,0.786953,0.786953
1162.000000,0.806689,0.823424,0.828165,0.840668,0.792282,0.807534,0.791975,0.804900,0.804900
1163.000000,0.800870,0.818536,0.825954,0.837825,0.809923,0.811945,0.800551,0.803369,0.803369
1164.000000,0.796913,0.813807,0.824346,0.835102,0.804655,0.809372,0.796018,0.798959,0.798959
1165.000000,0.795737,0.808907,0.822508,0.832247,0.795528,0.803247,0.783155,0.784502,0.784502
1166.000000,0.794793,0.803534,0.821207,0.829348,0.781440,0.787749,0.775253,0.782236,0.782236
1167.000000,0.791277,0.798983,0.819440,0.826671,0.779724,0.788239,0.776417,0.787320,0.787320
1168.000000,0.788888,0.794879,0.816833,0.824231,0.789525,0.796692,0.789342,0.791424,0.791424
1169.000000,0.787541,0.792227,0.814876,0.822273,0.785544,0.796784,0.785544,0.792221,0.792221
1170.000000,0.790689,0.793213,0.812986,0.820439,0.796508,0.801930,0.790168,0.800245,0.800245
1171.000000,0.794720,0.794757,0.811289,0.818695,0.800858,0.806687,0.797672,0.802389,0.802389
1172.000000,0.796325,0.793801,0.808613,0.816711,0.805758,0.805758,0.792894,0.795345,0.795345
1173.000000,0.795418,0.792153,0.805345,0.814687,0.785972,0.791792,0.779479,0.786891,0.786891
1174.000000,0.794450,0.790995,0.802401,0.813229,0.788239,0.793109,0.785115,0.787381,0.787381
1175.000000,0.791632,0.791161,0.800034,0.812059,0.789035,0.791669,0.784380,0.786156,0.786156
1176.000000,0.788741,0.791730,0.797632,0.811381,0.787504,0.793201,0.784625,0.787933,0.787933
1177.000000,0.783167,0.789746,0.794364,0.809542,0.783890,0.784319,0.756692,0.767473,0.767473
1178.000000,0.779982,0.787700,0.791289,0.807122,0.769066,0.778928,0.763920,0.770965,0.770965
1179.000000,0.772104,0.783277,0.787752,0.804343,0.767412,0.767534,0.736790,0.747994,0.747994
1180.000000,0.766432,0.779032,0.786123,0.801668,0.749403,0.762757,0.748851,0.757795,0.757795
1181.000000,0.763124,0.775933,0.785345,0.799504,0.777397,0.783890,0.767779,0.771394,0.771394
1182.000000,0.767534,0.775351,0.784576,0.797525,0.772864,0.791730,0.772864,0.789525,0.789525
1183.000000,0.763467,0.771724,0.781939,0.794138,0.781562,0.781562,0.746646,0.750628,0.750628
1184.000000,0.760723,0.766413,0.778704,0.790405,0.750628,0.755038,0.731332,0.734273,0.734273
1185.000000,0.754855,0.760643,0.775902,0.786904,0.726861,0.733078,0.723369,0.728453,0.728453
1186.000000,0.747516,0.755320,0.773525,0.783528,0.731700,0.736600,0.729923,0.734701,0.734701
1187.000000,0.736809,0.752172,0.770959,0.780300,0.735191,0.739541,0.732435,0.735988,0.735988
1188.000000,0.733966,0.748717,0.768208,0.777099,0.725329,0.739724,0.714732,0.736417,0.736417
1189.000000,0.736429,0.748576,0.765926,0.774693,0.737274,0.752159,0.735865,0.746585,0.746585
1190.000000,0.739884,0.747369,0.763201,0.773205,0.741194,0.750995,0.736668,0.745727,0.745727
1191.000000,0.742248,0.744882,0.760407,0.771857,0.746095,0.750873,0.741807,0.746524,0.746524
1192.000000,0.746989,0.741899,0.758625,0.770350,0.750138,0.761286,0.746524,0.759694,0.759694
1193.000000,0.755528,0.744747,0.758236,0.769542,0.768576,0.782787,0.761072,0.779112,0.779112
1194.000000,0.761421,0.748925,0.757669,0.768778,0.778254,0.784043,0.769893,0.776049,0.776049
1195.000000,0.769139,0.754511,0.757577,0.768772,0.775559,0.789035,0.772695,0.784319,0.784319
1196.000000,0.778168,0.760208,0.757764,0.769086,0.784380,0.793997,0.777035,0.791669,0.791669
1197.000000,0.783510,0.765250,0.758711,0.769056,0.791608,0.795436,0.780153,0.786401,0.786401
1198.000000,0.780398,0.767963,0.758340,0.768127,0.783583,0.783828,0.762634,0.763553,0.763553
1199.000000,0.779259,0.770340,0.759458,0.767398,0.768025,0.775253,0.762573,0.770352,0.770352
1200.000000,0.775988,0.772564,0.759966,0.766322,0.773109,0.775550,0.766493,0.767963,0.767963
1201.000000,0.769593,0.773881,0.759381,0.764898,0.768208,0.769832,0.759510,0.759694,0.759694
1202.000000,0.768098,0.775804,0.758851,0.764351,0.762450,0.779417,0.761041,0.778928,0.778928
1203.000000,0.769360,0.774879,0.759813,0.763784,0.774885,0.778714,0.765574,0.769862,0.769862
1204.000000,0.767890,0.773574,0.761250,0.762971,0.768392,0.769372,0.759816,0.763002,0.763002
1205.000000,0.765611,0.770799,0.762655,0.761985,0.755957,0.762097,0.745789,0.756570,0.756570
1206.000000,0.766493,0.768043,0.764126,0.761190,0.756692,0.770689,0.756692,0.764104,0.764104
1207.000000,0.762279,0.765188,0.765219,0.760870,0.765452,0.765452,0.756692,0.757856,0.757856
1208.000000,0.761127,0.765243,0.766603,0.760641,0.762818,0.767963,0.757856,0.764104,0.764104
1209.000000,0.763038,0.765464,0.767902,0.761460,0.763185,0.775498,0.748208,0.772557,0.772557
1210.000000,0.776049,0.770830,0.771697,0.763588,0.791730,0.851455,0.791608,0.821623,0.821623
1211.000000,0.786928,0.776711,0.775296,0.765158,0.823032,0.829342,0.815988,0.818499,0.818499
1212.000000,0.801825,0.782052,0.778928,0.766585,0.820827,0.842021,0.820827,0.832343,0.832343
1213.000000,0.813060,0.787093,0.780986,0.768907,0.837795,0.840919,0.819541,0.820276,0.820276
1214.000000,0.823118,0.793078,0.783326,0.771859,0.825115,0.831669,0.816417,0.822848,0.822848
1215.000000,0.821966,0.799008,0.784904,0.774773,0.819541,0.826830,0.809617,0.815865,0.815865
1216.000000,0.818156,0.802542,0.785292,0.776931,0.812067,0.813966,0.797672,0.799449,0.799449
1217.000000,0.810965,0.806395,0.785792,0.778944,0.796937,0.805299,0.790322,0.796386,0.796386
1218.000000,0.805807,0.809433,0.787338,0.780880,0.804349,0.808331,0.789280,0.794487,0.794487
1219.000000,0.801078,0.812098,0.788781,0.782634,0.793078,0.804043,0.790873,0.799204,0.799204
1220.000000,0.799130,0.810548,0.790689,0.784647,0.798346,0.807351,0.795180,0.806126,0.806126
1221.000000,0.798897,0.808527,0.792619,0.786373,0.795161,0.805574,0.793752,0.798285,0.798285
1222.000000,0.794965,0.802965,0.792508,0.786940,0.796447,0.798744,0.773660,0.776723,0.776723
1223.000000,0.788484,0.797145,0.792119,0.786373,0.774395,0.774395,0.757795,0.762083,0.762083
1224.000000,0.781011,0.791044,0.792061,0.785899,0.757917,0.765268,0.747626,0.761838,0.761838
1225.000000,0.772839,0.785985,0.792496,0.785264,0.764288,0.768882,0.761378,0.765268,0.765268
1226.000000,0.769005,0.783951,0.793247,0.784845,0.759816,0.779418,0.753476,0.779112,0.779112
1227.000000,0.774175,0.784570,0.795482,0.785384,0.772251,0.803430,0.772251,0.802573,0.802573
1228.000000,0.781452,0.784968,0.797201,0.786548,0.792894,0.807779,0.783913,0.798469,0.798469
1229.000000,0.788092,0.784551,0.798325,0.787371,0.804227,0.805942,0.792343,0.795038,0.795038
1230.000000,0.794205,0.783522,0.797035,0.788300,0.792649,0.800704,0.788790,0.795835,0.795835
1231.000000,0.799167,0.784086,0.796306,0.789774,0.801164,0.808265,0.794671,0.803920,0.803920
1232.000000,0.799583,0.786879,0.794922,0.790632,0.808698,0.808698,0.796998,0.804655,0.804655
1233.000000,0.799804,0.790628,0.793887,0.791622,0.804165,0.804165,0.795222,0.799571,0.799571
1234.000000,0.799534,0.793813,0.792429,0.792645,0.802757,0.802757,0.785421,0.793691,0.793691
1235.000000,0.798848,0.796527,0.791256,0.793840,0.792159,0.796998,0.786340,0.792404,0.792404
1236.000000,0.802671,0.800919,0.792435,0.795804,0.794242,0.823338,0.793262,0.823032,0.823032
1237.000000,0.811700,0.805642,0.795106,0.798869,0.826953,0.858499,0.823675,0.849801,0.849801
1238.000000,0.819969,0.809887,0.797427,0.801429,0.856845,0.856845,0.836447,0.840919,0.840919
1239.000000,0.828141,0.813838,0.799194,0.803496,0.841776,0.846799,0.811210,0.834548,0.834548
1240.000000,0.839338,0.819093,0.801308,0.804388,0.852986,0.861746,0.846156,0.848392,0.848392
1241.000000,0.843639,0.823155,0.803620,0.805256,0.854456,0.858867,0.843186,0.844533,0.844533
1242.000000,0.840490,0.826095,0.806487,0.805313,0.843430,0.849127,0.833139,0.834058,0.834058
1243.000000,0.840441,0.830205,0.810417,0.805993,0.832527,0.844410,0.827626,0.840674,0.840674
1244.000000,0.842070,0.835106,0.814459,0.806654,0.848147,0.848147,0.835773,0.842695,0.842695
1245.000000,0.839485,0.839412,0.817969,0.807308,0.842695,0.850720,0.834242,0.835467,0.835467
